# All header lines start with the # symbol.  Simulation information here:
# 1401 data pts.  zmin=-.4m, zmax=1.0m, dz=1mm, 
# SolCoilsOnly:185,153,153A  
# No more lines starting with # symbols are allowed after the following
#   definitions begin
2	# set z units:  1 for meters, 2 for cm, 3 for mm
2	# set B units:  1 for tesla, 2 for gauss
  -40.0000000000       17332.7030917    
  -39.9000000000       17448.6878030    
  -39.8000000000       17565.1062571    
  -39.7000000000       17681.9505640    
  -39.6000000000       17799.2126086    
  -39.5000000000       17916.8840494    
  -39.4000000000       18034.9563176    
  -39.3000000000       18153.4206156    
  -39.2000000000       18272.2679166    
  -39.1000000000       18391.4889635    
  -39.0000000000       18511.0742678    
  -38.9000000000       18631.0141096    
  -38.8000000000       18751.2985367    
  -38.7000000000       18871.9173643    
  -38.6000000000       18992.8601748    
  -38.5000000000       19114.1163176    
  -38.4000000000       19235.6749089    
  -38.3000000000       19357.5248321    
  -38.2000000000       19479.6547381    
  -38.1000000000       19602.0530452    
  -38.0000000000       19724.7079402    
  -37.9000000000       19847.6073785    
  -37.8000000000       19970.7390854    
  -37.7000000000       20094.0905566    
  -37.6000000000       20217.6490597    
  -37.5000000000       20341.4016349    
  -37.4000000000       20465.3350970    
  -37.3000000000       20589.4360362    
  -37.2000000000       20713.6908205    
  -37.1000000000       20838.0855969    
  -37.0000000000       20962.6062937    
  -36.9000000000       21087.2386225    
  -36.8000000000       21211.9680805    
  -36.7000000000       21336.7799531    
  -36.6000000000       21461.6593159    
  -36.5000000000       21586.5910380    
  -36.4000000000       21711.5597849    
  -36.3000000000       21836.5500208    
  -36.2000000000       21961.5460126    
  -36.1000000000       22086.5318328    
  -36.0000000000       22211.4913630    
  -35.9000000000       22336.4082977    
  -35.8000000000       22461.2661476    
  -35.7000000000       22586.0482441    
  -35.6000000000       22710.7377429    
  -35.5000000000       22835.3176284    
  -35.4000000000       22959.7707180    
  -35.3000000000       23084.0796663    
  -35.2000000000       23208.2269700    
  -35.1000000000       23332.1949726    
  -35.0000000000       23455.9658688    
  -34.9000000000       23579.5217103    
  -34.8000000000       23702.8444098    
  -34.7000000000       23825.9157470    
  -34.6000000000       23948.7173738    
  -34.5000000000       24071.2308194    
  -34.4000000000       24193.4374959    
  -34.3000000000       24315.3187043    
  -34.2000000000       24436.8556394    
  -34.1000000000       24558.0293967    
  -34.0000000000       24678.8209773    
  -33.9000000000       24799.2112943    
  -33.8000000000       24919.1811790    
  -33.7000000000       25038.7113865    
  -33.6000000000       25157.7826024    
  -33.5000000000       25276.3754488    
  -33.4000000000       25394.4704907    
  -33.3000000000       25512.0482420    
  -33.2000000000       25629.0891725    
  -33.1000000000       25745.5737139    
  -33.0000000000       25861.4822661    
  -32.9000000000       25976.7952044    
  -32.8000000000       26091.4928851    
  -32.7000000000       26205.5556529    
  -32.6000000000       26318.9638469    
  -32.5000000000       26431.6978073    
  -32.4000000000       26543.7378819    
  -32.3000000000       26655.0644329    
  -32.2000000000       26765.6578431    
  -32.1000000000       26875.4985226    
  -32.0000000000       26984.5669154    
  -31.9000000000       27092.8435057    
  -31.8000000000       27200.3088245    
  -31.7000000000       27306.9434558    
  -31.6000000000       27412.7280433    
  -31.5000000000       27517.6432963    
  -31.4000000000       27621.6699967    
  -31.3000000000       27724.7890042    
  -31.2000000000       27826.9812634    
  -31.1000000000       27928.2278094    
  -31.0000000000       28028.5097742    
  -30.9000000000       28127.8083921    
  -30.8000000000       28226.1050063    
  -30.7000000000       28323.3810740    
  -30.6000000000       28419.6181728    
  -30.5000000000       28514.7980060    
  -30.4000000000       28608.9024080    
  -30.3000000000       28701.9133502    
  -30.2000000000       28793.8129460    
  -30.1000000000       28884.5834564    
  -30.0000000000       28974.2072949    
  -29.9000000000       29062.6670325    
  -29.8000000000       29149.9454034    
  -29.7000000000       29236.0253087    
  -29.6000000000       29320.8898224    
  -29.5000000000       29404.5221949    
  -29.4000000000       29486.9058586    
  -29.3000000000       29568.0244315    
  -29.2000000000       29647.8617221    
  -29.1000000000       29726.4017333    
  -29.0000000000       29803.6286667    
  -28.9000000000       29879.5269262    
  -28.8000000000       29954.0811225    
  -28.7000000000       30027.2760764    
  -28.6000000000       30099.0968226    
  -28.5000000000       30169.5286133    
  -28.4000000000       30238.5569214    
  -28.3000000000       30306.1674442    
  -28.2000000000       30372.3461063    
  -28.1000000000       30437.0790629    
  -28.0000000000       30500.3527025    
  -27.9000000000       30562.1536503    
  -27.8000000000       30622.4687705    
  -27.7000000000       30681.2851693    
  -27.6000000000       30738.5901971    
  -27.5000000000       30794.3714517    
  -27.4000000000       30848.6167797    
  -27.3000000000       30901.3142798    
  -27.2000000000       30952.4523043    
  -27.1000000000       31002.0194614    
  -27.0000000000       31050.0046172    
  -26.9000000000       31096.3968980    
  -26.8000000000       31141.1856915    
  -26.7000000000       31184.3606490    
  -26.6000000000       31225.9116870    
  -26.5000000000       31265.8289886    
  -26.4000000000       31304.1030055    
  -26.3000000000       31340.7244589    
  -26.2000000000       31375.6843413    
  -26.1000000000       31408.9739176    
  -26.0000000000       31440.5847265    
  -25.9000000000       31470.5085816    
  -25.8000000000       31498.7375724    
  -25.7000000000       31525.2640658    
  -25.6000000000       31550.0807066    
  -25.5000000000       31573.1804187    
  -25.4000000000       31594.5564063    
  -25.3000000000       31614.2021543    
  -25.2000000000       31632.1114291    
  -25.1000000000       31648.2782800    
  -25.0000000000       31662.6970392    
  -24.9000000000       31675.3623229    
  -24.8000000000       31686.2690319    
  -24.7000000000       31695.4123522    
  -24.6000000000       31702.7877553    
  -24.5000000000       31708.3909993    
  -24.4000000000       31712.2181290    
  -24.3000000000       31714.2654766    
  -24.2000000000       31714.5296618    
  -24.1000000000       31713.0075930    
  -24.0000000000       31709.6964666    
  -23.9000000000       31704.5937685    
  -23.8000000000       31697.6972737    
  -23.7000000000       31689.0050468    
  -23.6000000000       31678.5154425    
  -23.5000000000       31666.2271059    
  -23.4000000000       31652.1389723    
  -23.3000000000       31636.2502681    
  -23.2000000000       31618.5605104    
  -23.1000000000       31599.0695079    
  -23.0000000000       31577.7773603    
  -22.9000000000       31554.6844590    
  -22.8000000000       31529.7914871    
  -22.7000000000       31503.0994195    
  -22.6000000000       31474.6095231    
  -22.5000000000       31444.3233564    
  -22.4000000000       31412.2427704    
  -22.3000000000       31378.3699078    
  -22.2000000000       31342.7072035    
  -22.1000000000       31305.2573844    
  -22.0000000000       31266.0234692    
  -21.9000000000       31225.0087689    
  -21.8000000000       31182.2168858    
  -21.7000000000       31137.6517142    
  -21.6000000000       31091.3174397    
  -21.5000000000       31043.2185391    
  -21.4000000000       30993.3597803    
  -21.3000000000       30941.7462220    
  -21.2000000000       30888.3832132    
  -21.1000000000       30833.2763930    
  -21.0000000000       30776.4316903    
  -20.9000000000       30717.8553229    
  -20.8000000000       30657.5537976    
  -20.7000000000       30595.5339093    
  -20.6000000000       30531.8027403    
  -20.5000000000       30466.3676602    
  -20.4000000000       30399.2363246    
  -20.3000000000       30330.4166746    
  -20.2000000000       30259.9169361    
  -20.1000000000       30187.7456185    
  -20.0000000000       30113.9115145    
  -19.9000000000       30038.4236983    
  -19.8000000000       29961.2915251    
  -19.7000000000       29882.5246295    
  -19.6000000000       29802.1329248    
  -19.5000000000       29720.1266013    
  -19.4000000000       29636.5161250    
  -19.3000000000       29551.3122365    
  -19.2000000000       29464.5259489    
  -19.1000000000       29376.1685469    
  -19.0000000000       29286.2515844    
  -18.9000000000       29194.7868833    
  -18.8000000000       29101.7865314    
  -18.7000000000       29007.2628804    
  -18.6000000000       28911.2285440    
  -18.5000000000       28813.6963958    
  -18.4000000000       28714.6795672    
  -18.3000000000       28614.1914446    
  -18.2000000000       28512.2456677    
  -18.1000000000       28408.8561266    
  -18.0000000000       28304.0369592    
  -17.9000000000       28197.8025488    
  -17.8000000000       28090.1675211    
  -17.7000000000       27981.1467415    
  -17.6000000000       27870.7553120    
  -17.5000000000       27759.0085684    
  -17.4000000000       27645.9220768    
  -17.3000000000       27531.5116308    
  -17.2000000000       27415.7932477    
  -17.1000000000       27298.7831657    
  -17.0000000000       27180.4978397    
  -16.9000000000       27060.9539383    
  -16.8000000000       26940.1683399    
  -16.7000000000       26818.1581287    
  -16.6000000000       26694.9405914    
  -16.5000000000       26570.5332126    
  -16.4000000000       26444.9536715    
  -16.3000000000       26318.2198372    
  -16.2000000000       26190.3497650    
  -16.1000000000       26061.3616919    
  -16.0000000000       25931.2740323    
  -15.9000000000       25800.1053738    
  -15.8000000000       25667.8744728    
  -15.7000000000       25534.6002496    
  -15.6000000000       25400.3017844    
  -15.5000000000       25264.9983124    
  -15.4000000000       25128.7092191    
  -15.3000000000       24991.4540357    
  -15.2000000000       24853.2524346    
  -15.1000000000       24714.1242240    
  -15.0000000000       24574.0893438    
  -14.9000000000       24433.1678603    
  -14.8000000000       24291.3799615    
  -14.7000000000       24148.7459523    
  -14.6000000000       24005.2862493    
  -14.5000000000       23861.0213761    
  -14.4000000000       23715.9719584    
  -14.3000000000       23570.1587192    
  -14.2000000000       23423.6024733    
  -14.1000000000       23276.3241232    
  -14.0000000000       23128.3446534    
  -13.9000000000       22979.6851262    
  -13.8000000000       22830.3666763    
  -13.7000000000       22680.4105061    
  -13.6000000000       22529.8378811    
  -13.5000000000       22378.6701249    
  -13.4000000000       22226.9286145    
  -13.3000000000       22074.6347753    
  -13.2000000000       21921.8100770    
  -13.1000000000       21768.4760287    
  -13.0000000000       21614.6541740    
  -12.9000000000       21460.3660872    
  -12.8000000000       21305.6333682    
  -12.7000000000       21150.4776384    
  -12.6000000000       20994.9205365    
  -12.5000000000       20838.9837140    
  -12.4000000000       20682.6888312    
  -12.3000000000       20526.0575528    
  -12.2000000000       20369.1115446    
  -12.1000000000       20211.8724688    
  -12.0000000000       20054.3619803    
  -11.9000000000       19896.6017235    
  -11.8000000000       19738.6133278    
  -11.7000000000       19580.4184047    
  -11.6000000000       19422.0385439    
  -11.5000000000       19263.4953101    
  -11.4000000000       19104.8102395    
  -11.3000000000       18946.0048367    
  -11.2000000000       18787.1005719    
  -11.1000000000       18628.1188772    
  -11.0000000000       18469.0811441    
  -10.9000000000       18310.0087207    
  -10.8000000000       18150.9229089    
  -10.7000000000       17991.8449616    
  -10.6000000000       17832.7960804    
  -10.5000000000       17673.7974128    
  -10.4000000000       17514.8700503    
  -10.3000000000       17356.0350257    
  -10.2000000000       17197.3133112    
  -10.1000000000       17038.7258161    
  -10.0000000000       16880.2933849    
  -9.90000000000       16722.0367953    
  -9.80000000000       16563.9767563    
  -9.70000000000       16406.1339066    
  -9.60000000000       16248.5288127    
  -9.50000000000       16091.1819673    
  -9.40000000000       15934.1137879    
  -9.30000000000       15777.3446150    
  -9.20000000000       15620.8947108    
  -9.10000000000       15464.7842579    
  -9.00000000000       15309.0333578    
  -8.90000000000       15153.6620296    
  -8.80000000000       14998.6902089    
  -8.70000000000       14844.1377465    
  -8.60000000000       14690.0244072    
  -8.50000000000       14536.3698686    
  -8.40000000000       14383.1937202    
  -8.30000000000       14230.5154621    
  -8.20000000000       14078.3545040    
  -8.10000000000       13926.7301642    
  -8.00000000000       13775.6616683    
  -7.90000000000       13625.1681485    
  -7.80000000000       13475.2686421    
  -7.70000000000       13325.9820911    
  -7.60000000000       13177.3273403    
  -7.50000000000       13029.3231370    
  -7.40000000000       12881.9881293    
  -7.30000000000       12735.3408654    
  -7.20000000000       12589.3997922    
  -7.10000000000       12444.1832541    
  -7.00000000000       12299.7094921    
  -6.90000000000       12155.9966421    
  -6.80000000000       12013.0627339    
  -6.70000000000       11870.9256897    
  -6.60000000000       11729.6033228    
  -6.50000000000       11589.1133361    
  -6.40000000000       11449.4733205    
  -6.30000000000       11310.7007537    
  -6.20000000000       11172.8129979    
  -6.10000000000       11035.8272987    
  -6.00000000000       10899.7607831    
  -5.90000000000       10764.6304575    
  -5.80000000000       10630.4532063    
  -5.70000000000       10497.2457893    
  -5.60000000000       10365.0248398    
  -5.50000000000       10233.8068628    
  -5.40000000000       10103.6082324    
  -5.30000000000       9974.44518973    
  -5.20000000000       9846.33384032    
  -5.10000000000       9719.29015191    
  -5.00000000000       9593.32995173    
  -4.90000000000       9468.46892395    
  -4.80000000000       9344.72260695    
  -4.70000000000       9222.10639055    
  -4.60000000000       9100.63551312    
  -4.50000000000       8980.32505869    
  -4.40000000000       8861.18995388    
  -4.30000000000       8743.24496487    
  -4.20000000000       8626.50469416    
  -4.10000000000       8510.98357742    
  -4.00000000000       8396.69588013    
  -3.90000000000       8283.65569426    
  -3.80000000000       8171.87693479    
  -3.70000000000       8061.37333629    
  -3.60000000000       7952.15844932    
  -3.50000000000       7844.24563688    
  -3.40000000000       7737.64807073    
  -3.30000000000       7632.37872775    
  -3.20000000000       7528.45038620    
  -3.10000000000       7425.87562193    
  -3.00000000000       7324.66680463    
  -2.90000000000       7224.83609400    
  -2.80000000000       7126.39543594    
  -2.70000000000       7029.35655863    
  -2.60000000000       6933.73096876    
  -2.50000000000       6839.52994758    
  -2.40000000000       6746.76454711    
  -2.30000000000       6655.44558622    
  -2.20000000000       6565.58364681    
  -2.10000000000       6477.18906999    
  -2.00000000000       6390.27195224    
  -1.90000000000       6304.84214170    
  -1.80000000000       6220.90923434    
  -1.70000000000       6138.48257034    
  -1.60000000000       6057.57123041    
  -1.50000000000       5978.18403216    
  -1.40000000000       5900.32952665    
  -1.30000000000       5824.01599482    
  -1.20000000000       5749.25144415    
  -1.10000000000       5676.04360534    
  -1.00000000000       5604.39992903    
 -0.900000000000       5534.32758271    
 -0.800000000000       5465.83344763    
 -0.700000000000       5398.92411583    
 -0.600000000000       5333.60588735    
 -0.500000000000       5269.88476746    
 -0.400000000000       5207.76646405    
 -0.300000000000       5147.25638513    
 -0.200000000000       5088.35963647    
 -0.100000000000       5031.08101938    
   0.00000000000       4975.42502857    
  0.100000000000       4921.39585024    
  0.200000000000       4868.99736024    
  0.300000000000       4818.23312241    
  0.400000000000       4769.10638706    
  0.500000000000       4721.62008967    
  0.600000000000       4675.77684961    
  0.700000000000       4631.57896918    
  0.800000000000       4589.02843273    
  0.900000000000       4548.12690594    
   1.00000000000       4508.87573532    
   1.10000000000       4471.27594785    
   1.20000000000       4435.32825080    
   1.30000000000       4401.03303175    
   1.40000000000       4368.39035873    
   1.50000000000       4337.39998060    
   1.60000000000       4308.06132760    
   1.70000000000       4280.37351201    
   1.80000000000       4254.33532912    
   1.90000000000       4229.94525823    
   2.00000000000       4207.20146397    
   2.10000000000       4186.10179766    
   2.20000000000       4166.64379897    
   2.30000000000       4148.82469771    
   2.40000000000       4132.64141574    
   2.50000000000       4118.09056915    
   2.60000000000       4105.16847051    
   2.70000000000       4093.87113141    
   2.80000000000       4084.19426502    
   2.90000000000       4076.13328892    
   3.00000000000       4069.68332806    
   3.10000000000       4064.83921786    
   3.20000000000       4061.59550746    
   3.30000000000       4059.94646315    
   3.40000000000       4059.88607191    
   3.50000000000       4061.40804507    
   3.60000000000       4064.50582221    
   3.70000000000       4069.17257501    
   3.80000000000       4075.40121143    
   3.90000000000       4083.18437981    
   4.00000000000       4092.51447326    
   4.10000000000       4103.38363401    
   4.20000000000       4115.78375797    
   4.30000000000       4129.70649931    
   4.40000000000       4145.14327521    
   4.50000000000       4162.08527058    
   4.60000000000       4180.52344297    
   4.70000000000       4200.44852752    
   4.80000000000       4221.85104187    
   4.90000000000       4244.72129133    
   5.00000000000       4269.04937389    
   5.10000000000       4294.82518543    
   5.20000000000       4322.03842487    
   5.30000000000       4350.67859943    
   5.40000000000       4380.73502980    
   5.50000000000       4412.19685549    
   5.60000000000       4445.05304003    
   5.70000000000       4479.29237626    
   5.80000000000       4514.90349162    
   5.90000000000       4551.87485338    
   6.00000000000       4590.19477389    
   6.10000000000       4629.85141582    
   6.20000000000       4670.83279731    
   6.30000000000       4713.12679717    
   6.40000000000       4756.72115995    
   6.50000000000       4801.60350103    
   6.60000000000       4847.76131160    
   6.70000000000       4895.18196366    
   6.80000000000       4943.85271484    
   6.90000000000       4993.76071323    
   7.00000000000       5044.89300216    
   7.10000000000       5097.23652477    
   7.20000000000       5150.77812865    
   7.30000000000       5205.50457025    
   7.40000000000       5261.40251931    
   7.50000000000       5318.45856307    
   7.60000000000       5376.65921051    
   7.70000000000       5435.99089636    
   7.80000000000       5496.43998504    
   7.90000000000       5557.99277454    
   8.00000000000       5620.63550007    
   8.10000000000       5684.35433769    
   8.20000000000       5749.13540772    
   8.30000000000       5814.96477815    
   8.40000000000       5881.82846774    
   8.50000000000       5949.71244918    
   8.60000000000       6018.60265196    
   8.70000000000       6088.48496521    
   8.80000000000       6159.34524032    
   8.90000000000       6231.16929348    
   9.00000000000       6303.94290807    
   9.10000000000       6377.65183689    
   9.20000000000       6452.28180427    
   9.30000000000       6527.81850802    
   9.40000000000       6604.24762125    
   9.50000000000       6681.55479408    
   9.60000000000       6759.72565515    
   9.70000000000       6838.74581305    
   9.80000000000       6918.60085759    
   9.90000000000       6999.27636090    
   10.0000000000       7080.75787851    
   10.1000000000       7163.03095012    
   10.2000000000       7246.08110046    
   10.3000000000       7329.89383979    
   10.4000000000       7414.45466448    
   10.5000000000       7499.74905735    
   10.6000000000       7585.76248791    
   10.7000000000       7672.48041255    
   10.8000000000       7759.88827450    
   10.9000000000       7847.97150381    
   11.0000000000       7936.71551714    
   11.1000000000       8026.10571747    
   11.2000000000       8116.12749377    
   11.3000000000       8206.76622045    
   11.4000000000       8298.00725688    
   11.5000000000       8389.83594673    
   11.6000000000       8482.23761721    
   11.7000000000       8575.19757835    
   11.8000000000       8668.70112209    
   11.9000000000       8762.73352138    
   12.0000000000       8857.28002921    
   12.1000000000       8952.32587755    
   12.2000000000       9047.85627631    
   12.3000000000       9143.85641219    
   12.4000000000       9240.31144753    
   12.5000000000       9337.20651914    
   12.6000000000       9434.52673706    
   12.7000000000       9532.25718334    
   12.8000000000       9630.38291079    
   12.9000000000       9728.88894174    
   13.0000000000       9827.76026673    
   13.1000000000       9926.98184330    
   13.2000000000       10026.5385947    
   13.3000000000       10126.4154088    
   13.4000000000       10226.5971366    
   13.5000000000       10327.0685913    
   13.6000000000       10427.8145468    
   13.7000000000       10528.8197371    
   13.8000000000       10630.0688548    
   13.9000000000       10731.5465500    
   14.0000000000       10833.2374297    
   14.1000000000       10935.1260566    
   14.2000000000       11037.1969482    
   14.3000000000       11139.4345761    
   14.4000000000       11241.8233651    
   14.5000000000       11344.3476930    
   14.6000000000       11446.9918893    
   14.7000000000       11549.7402354    
   14.8000000000       11652.5769636    
   14.9000000000       11755.4862574    
   15.0000000000       11858.4522507    
   15.1000000000       11961.4590281    
   15.2000000000       12064.4906245    
   15.3000000000       12167.5310256    
   15.4000000000       12270.5641680    
   15.5000000000       12373.5739393    
   15.6000000000       12476.5441788    
   15.7000000000       12579.4586778    
   15.8000000000       12682.3011805    
   15.9000000000       12785.0553849    
   16.0000000000       12887.7049432    
   16.1000000000       12990.2334636    
   16.2000000000       13092.6245109    
   16.3000000000       13194.8616081    
   16.4000000000       13296.9282377    
   16.5000000000       13398.8078436    
   16.6000000000       13500.4838324    
   16.7000000000       13601.9395755    
   16.8000000000       13703.1584111    
   16.9000000000       13804.1236465    
   17.0000000000       13904.8185597    
   17.1000000000       14005.2264027    
   17.2000000000       14105.3304034    
   17.3000000000       14205.1137686    
   17.4000000000       14304.5596865    
   17.5000000000       14403.6513301    
   17.6000000000       14502.3718597    
   17.7000000000       14600.7044268    
   17.8000000000       14698.6321765    
   17.9000000000       14796.1382520    
   18.0000000000       14893.2057974    
   18.1000000000       14989.8179616    
   18.2000000000       15085.9579024    
   18.3000000000       15181.6087901    
   18.4000000000       15276.7538116    
   18.5000000000       15371.3761747    
   18.6000000000       15465.4591122    
   18.7000000000       15558.9858865    
   18.8000000000       15651.9397936    
   18.9000000000       15744.3041683    
   19.0000000000       15836.0623883    
   19.1000000000       15927.1978791    
   19.2000000000       16017.6941192    
   19.3000000000       16107.5346443    
   19.4000000000       16196.7030529    
   19.5000000000       16285.1830109    
   19.6000000000       16372.9582571    
   19.7000000000       16460.0126081    
   19.8000000000       16546.3299636    
   19.9000000000       16631.8943117    
   20.0000000000       16716.6897342    
   20.1000000000       16800.7004121    
   20.2000000000       16883.9106308    
   20.3000000000       16966.3047857    
   20.4000000000       17047.8673876    
   20.5000000000       17128.5830681    
   20.6000000000       17208.4365853    
   20.7000000000       17287.4128293    
   20.8000000000       17365.4968274    
   20.9000000000       17442.6737502    
   21.0000000000       17518.9289164    
   21.1000000000       17594.2477991    
   21.2000000000       17668.6160307    
   21.3000000000       17742.0194086    
   21.4000000000       17814.4439006    
   21.5000000000       17885.8756506    
   21.6000000000       17956.3009837    
   21.7000000000       18025.7064116    
   21.8000000000       18094.0786381    
   21.9000000000       18161.4045641    
   22.0000000000       18227.6712932    
   22.1000000000       18292.8661366    
   22.2000000000       18356.9766183    
   22.3000000000       18419.9904800    
   22.4000000000       18481.8956866    
   22.5000000000       18542.6804303    
   22.6000000000       18602.3331364    
   22.7000000000       18660.8424671    
   22.8000000000       18718.1973270    
   22.9000000000       18774.3868672    
   23.0000000000       18829.4004899    
   23.1000000000       18883.2278531    
   23.2000000000       18935.8588747    
   23.3000000000       18987.2837364    
   23.4000000000       19037.4928886    
   23.5000000000       19086.4770538    
   23.6000000000       19134.2272307    
   23.7000000000       19180.7346981    
   23.8000000000       19225.9910185    
   23.9000000000       19269.9880418    
   24.0000000000       19312.7179084    
   24.1000000000       19354.1730532    
   24.2000000000       19394.3462082    
   24.3000000000       19433.2304061    
   24.4000000000       19470.8189829    
   24.5000000000       19507.1055810    
   24.6000000000       19542.0841518    
   24.7000000000       19575.7489585    
   24.8000000000       19608.0945783    
   24.9000000000       19639.1159050    
   25.0000000000       19668.8081510    
   25.1000000000       19697.1668496    
   25.2000000000       19724.1878569    
   25.3000000000       19749.8673532    
   25.4000000000       19774.2018452    
   25.5000000000       19797.1881675    
   25.6000000000       19818.8234835    
   25.7000000000       19839.1052871    
   25.8000000000       19858.0314037    
   25.9000000000       19875.5999912    
   26.0000000000       19891.8095407    
   26.1000000000       19906.6588771    
   26.2000000000       19920.1471602    
   26.3000000000       19932.2738843    
   26.4000000000       19943.0388789    
   26.5000000000       19952.4423091    
   26.6000000000       19960.4846747    
   26.7000000000       19967.1668109    
   26.8000000000       19972.4898875    
   26.9000000000       19976.4554084    
   27.0000000000       19979.0652114    
   27.1000000000       19980.3214668    
   27.2000000000       19980.2266771    
   27.3000000000       19978.7836756    
   27.4000000000       19975.9956251    
   27.5000000000       19971.8660170    
   27.6000000000       19966.3986693    
   27.7000000000       19959.5977255    
   27.8000000000       19951.4676521    
   27.9000000000       19942.0132374    
   28.0000000000       19931.2395891    
   28.1000000000       19919.1521319    
   28.2000000000       19905.7566055    
   28.3000000000       19891.0590619    
   28.4000000000       19875.0658628    
   28.5000000000       19857.7836770    
   28.6000000000       19839.2194769    
   28.7000000000       19819.3805362    
   28.8000000000       19798.2744262    
   28.9000000000       19775.9090128    
   29.0000000000       19752.2924524    
   29.1000000000       19727.4331893    
   29.2000000000       19701.3399509    
   29.3000000000       19674.0217447    
   29.4000000000       19645.4878537    
   29.5000000000       19615.7478327    
   29.6000000000       19584.8115037    
   29.7000000000       19552.6889518    
   29.8000000000       19519.3905205    
   29.9000000000       19484.9268072    
   30.0000000000       19449.3086584    
   30.1000000000       19412.5471649    
   30.2000000000       19374.6536569    
   30.3000000000       19335.6396987    
   30.4000000000       19295.5170837    
   30.5000000000       19254.2978291    
   30.6000000000       19211.9941705    
   30.7000000000       19168.6185562    
   30.8000000000       19124.1836420    
   30.9000000000       19078.7022852    
   31.0000000000       19032.1875391    
   31.1000000000       18984.6526468    
   31.2000000000       18936.1110356    
   31.3000000000       18886.5763107    
   31.4000000000       18836.0622494    
   31.5000000000       18784.5827948    
   31.6000000000       18732.1520494    
   31.7000000000       18678.7842692    
   31.8000000000       18624.4938568    
   31.9000000000       18569.2953558    
   32.0000000000       18513.2034435    
   32.1000000000       18456.2329248    
   32.2000000000       18398.3987258    
   32.3000000000       18339.7158870    
   32.4000000000       18280.1995568    
   32.5000000000       18219.8649846    
   32.6000000000       18158.7275147    
   32.7000000000       18096.8025791    
   32.8000000000       18034.1056911    
   32.9000000000       17970.6524384    
   33.0000000000       17906.4584767    
   33.1000000000       17841.5395227    
   33.2000000000       17775.9113478    
   33.3000000000       17709.5897709    
   33.4000000000       17642.5906522    
   33.5000000000       17574.9298863    
   33.6000000000       17506.6233960    
   33.7000000000       17437.6871250    
   33.8000000000       17368.1370323    
   33.9000000000       17297.9890847    
   34.0000000000       17227.2592514    
   34.1000000000       17155.9634967    
   34.2000000000       17084.1177742    
   34.3000000000       17011.7380204    
   34.4000000000       16938.8401484    
   34.5000000000       16865.4400419    
   34.6000000000       16791.5535491    
   34.7000000000       16717.1964766    
   34.8000000000       16642.3845836    
   34.9000000000       16567.1335762    
   35.0000000000       16491.4591013    
   35.1000000000       16415.3767415    
   35.2000000000       16338.9020091    
   35.3000000000       16262.0503409    
   35.4000000000       16184.8370928    
   35.5000000000       16107.2775348    
   35.6000000000       16029.3868454    
   35.7000000000       15951.1801073    
   35.8000000000       15872.6723019    
   35.9000000000       15793.8783047    
   36.0000000000       15714.8128811    
   36.1000000000       15635.4906814    
   36.2000000000       15555.9262364    
   36.3000000000       15476.1339537    
   36.4000000000       15396.1281129    
   36.5000000000       15315.9228621    
   36.6000000000       15235.5322138    
   36.7000000000       15154.9700413    
   36.8000000000       15074.2500751    
   36.9000000000       14993.3858993    
   37.0000000000       14912.3909486    
   37.1000000000       14831.2785048    
   37.2000000000       14750.0616941    
   37.3000000000       14668.7534838    
   37.4000000000       14587.3666799    
   37.5000000000       14505.9139245    
   37.6000000000       14424.4076929    
   37.7000000000       14342.8602920    
   37.8000000000       14261.2838572    
   37.9000000000       14179.6903510    
   38.0000000000       14098.0915611    
   38.1000000000       14016.4990981    
   38.2000000000       13934.9243944    
   38.3000000000       13853.3787021    
   38.4000000000       13771.8730924    
   38.5000000000       13690.4184536    
   38.6000000000       13609.0254904    
   38.7000000000       13527.7047227    
   38.8000000000       13446.4664849    
   38.9000000000       13365.3209251    
   39.0000000000       13284.2780043    
   39.1000000000       13203.3474962    
   39.2000000000       13122.5389867    
   39.3000000000       13041.8618733    
   39.4000000000       12961.3253656    
   39.5000000000       12880.9384847    
   39.6000000000       12800.7100634    
   39.7000000000       12720.6487466    
   39.8000000000       12640.7629912    
   39.9000000000       12561.0610669    
   40.0000000000       12481.5510563    
   40.1000000000       12402.2408555    
   40.2000000000       12323.1381752    
   40.3000000000       12244.2505408    
   40.4000000000       12165.5852937    
   40.5000000000       12087.1495921    
   40.6000000000       12008.9504120    
   40.7000000000       11930.9945482    
   40.8000000000       11853.2886156    
   40.9000000000       11775.8390502    
   41.0000000000       11698.6521108    
   41.1000000000       11621.7338801    
   41.2000000000       11545.0902659    
   41.3000000000       11468.7270032    
   41.4000000000       11392.6496552    
   41.5000000000       11316.8636153    
   41.6000000000       11241.3741085    
   41.7000000000       11166.1861932    
   41.8000000000       11091.3047630    
   41.9000000000       11016.7345484    
   42.0000000000       10942.4801191    
   42.1000000000       10868.5458850    
   42.2000000000       10794.9360992    
   42.3000000000       10721.6548589    
   42.4000000000       10648.7061084    
   42.5000000000       10576.0936405    
   42.6000000000       10503.8210985    
   42.7000000000       10431.8919788    
   42.8000000000       10360.3096326    
   42.9000000000       10289.0772682    
   43.0000000000       10218.1979528    
   43.1000000000       10147.6746154    
   43.2000000000       10077.5100481    
   43.3000000000       10007.7069090    
   43.4000000000       9938.26772395    
   43.5000000000       9869.19488900    
   43.6000000000       9800.49067252    
   43.7000000000       9732.15721746    
   43.8000000000       9664.19654354    
   43.9000000000       9596.61054953    
   44.0000000000       9529.40101541    
   44.1000000000       9462.56960466    
   44.2000000000       9396.11786646    
   44.3000000000       9330.04723789    
   44.4000000000       9264.35904618    
   44.5000000000       9199.05451089    
   44.6000000000       9134.13474612    
   44.7000000000       9069.60076270    
   44.8000000000       9005.45347035    
   44.9000000000       8941.69367986    
   45.0000000000       8878.32210526    
   45.1000000000       8815.33936594    
   45.2000000000       8752.74598875    
   45.3000000000       8690.54241015    
   45.4000000000       8628.72897829    
   45.5000000000       8567.30595505    
   45.6000000000       8506.27351816    
   45.7000000000       8445.63176315    
   45.8000000000       8385.38070544    
   45.9000000000       8325.52028230    
   46.0000000000       8266.05035482    
   46.1000000000       8206.97070989    
   46.2000000000       8148.28106208    
   46.3000000000       8089.98105559    
   46.4000000000       8032.07026613    
   46.5000000000       7974.54820274    
   46.6000000000       7917.41430967    
   46.7000000000       7860.66796816    
   46.8000000000       7804.30849825    
   46.9000000000       7748.33516053    
   47.0000000000       7692.74715785    
   47.1000000000       7637.54363707    
   47.2000000000       7582.72369073    
   47.3000000000       7528.28635870    
   47.4000000000       7474.23062980    
   47.5000000000       7420.55544345    
   47.6000000000       7367.25969120    
   47.7000000000       7314.34221830    
   47.8000000000       7261.80182526    
   47.9000000000       7209.63726928    
   48.0000000000       7157.84726580    
   48.1000000000       7106.43048990    
   48.2000000000       7055.38557771    
   48.3000000000       7004.71112788    
   48.4000000000       6954.40570284    
   48.5000000000       6904.46783025    
   48.6000000000       6854.89600423    
   48.7000000000       6805.68868671    
   48.8000000000       6756.84430866    
   48.9000000000       6708.36127137    
   49.0000000000       6660.23794760    
   49.1000000000       6612.47268284    
   49.2000000000       6565.06379644    
   49.3000000000       6518.00958273    
   49.4000000000       6471.30831219    
   49.5000000000       6424.95823248    
   49.6000000000       6378.95756957    
   49.7000000000       6333.30452873    
   49.8000000000       6287.99729556    
   49.9000000000       6243.03403703    
   50.0000000000       6198.41290240    
   50.1000000000       6154.13202419    
   50.2000000000       6110.18951912    
   50.3000000000       6066.58348901    
   50.4000000000       6023.31202165    
   50.5000000000       5980.37319169    
   50.6000000000       5937.76506145    
   50.7000000000       5895.48568177    
   50.8000000000       5853.53309280    
   50.9000000000       5811.90532476    
   51.0000000000       5770.60039874    
   51.1000000000       5729.61632739    
   51.2000000000       5688.95111570    
   51.3000000000       5648.60276164    
   51.4000000000       5608.56925689    
   51.5000000000       5568.84858748    
   51.6000000000       5529.43873442    
   51.7000000000       5490.33767439    
   51.8000000000       5451.54338029    
   51.9000000000       5413.05382183    
   52.0000000000       5374.86696617    
   52.1000000000       5336.98077840    
   52.2000000000       5299.39322216    
   52.3000000000       5262.10226010    
   52.4000000000       5225.10585443    
   52.5000000000       5188.40196741    
   52.6000000000       5151.98856182    
   52.7000000000       5115.86360144    
   52.8000000000       5080.02505149    
   52.9000000000       5044.47087909    
   53.0000000000       5009.19905363    
   53.1000000000       4974.20754725    
   53.2000000000       4939.49433520    
   53.3000000000       4905.05739620    
   53.4000000000       4870.89471286    
   53.5000000000       4837.00427201    
   53.6000000000       4803.38406505    
   53.7000000000       4770.03208827    
   53.8000000000       4736.94634321    
   53.9000000000       4704.12483692    
   54.0000000000       4671.56558231    
   54.1000000000       4639.26659841    
   54.2000000000       4607.22591063    
   54.3000000000       4575.44155107    
   54.4000000000       4543.91155876    
   54.5000000000       4512.63397990    
   54.6000000000       4481.60686807    
   54.7000000000       4450.82828455    
   54.8000000000       4420.29629841    
   54.9000000000       4390.00898684    
   55.0000000000       4359.96443528    
   55.1000000000       4330.16073761    
   55.2000000000       4300.59599639    
   55.3000000000       4271.26832297    
   55.4000000000       4242.17583770    
   55.5000000000       4213.31667008    
   55.6000000000       4184.68895890    
   55.7000000000       4156.29085241    
   55.8000000000       4128.12050842    
   55.9000000000       4100.17609446    
   56.0000000000       4072.45578793    
   56.1000000000       4044.95777613    
   56.2000000000       4017.68025646    
   56.3000000000       3990.62143649    
   56.4000000000       3963.77953406    
   56.5000000000       3937.15277735    
   56.6000000000       3910.73940502    
   56.7000000000       3884.53766623    
   56.8000000000       3858.54582078    
   56.9000000000       3832.76213912    
   57.0000000000       3807.18490246    
   57.1000000000       3781.81240280    
   57.2000000000       3756.64294301    
   57.3000000000       3731.67483687    
   57.4000000000       3706.90640911    
   57.5000000000       3682.33599548    
   57.6000000000       3657.96194273    
   57.7000000000       3633.78260872    
   57.8000000000       3609.79636240    
   57.9000000000       3586.00158383    
   58.0000000000       3562.39666423    
   58.1000000000       3538.98000601    
   58.2000000000       3515.75002272    
   58.3000000000       3492.70513913    
   58.4000000000       3469.84379122    
   58.5000000000       3447.16442615    
   58.6000000000       3424.66550231    
   58.7000000000       3402.34548930    
   58.8000000000       3380.20286791    
   58.9000000000       3358.23613013    
   59.0000000000       3336.44377915    
   59.1000000000       3314.82432932    
   59.2000000000       3293.37630615    
   59.3000000000       3272.09824632    
   59.4000000000       3250.98869760    
   59.5000000000       3230.04621888    
   59.6000000000       3209.26938013    
   59.7000000000       3188.65676238    
   59.8000000000       3168.20695765    
   59.9000000000       3147.91856901    
   60.0000000000       3127.79021044    
   60.1000000000       3107.82050689    
   60.2000000000       3088.00809417    
   60.3000000000       3068.35161898    
   60.4000000000       3048.84973883    
   60.5000000000       3029.50112199    
   60.6000000000       3010.30444749    
   60.7000000000       2991.25840504    
   60.8000000000       2972.36169502    
   60.9000000000       2953.61302839    
   61.0000000000       2935.01112669    
   61.1000000000       2916.55472195    
   61.2000000000       2898.24255669    
   61.3000000000       2880.07338381    
   61.4000000000       2862.04596659    
   61.5000000000       2844.15907862    
   61.6000000000       2826.41150373    
   61.7000000000       2808.80203596    
   61.8000000000       2791.32947950    
   61.9000000000       2773.99264863    
   62.0000000000       2756.79036767    
   62.1000000000       2739.72147090    
   62.2000000000       2722.78480255    
   62.3000000000       2705.97921669    
   62.4000000000       2689.30357719    
   62.5000000000       2672.75675769    
   62.6000000000       2656.33764151    
   62.7000000000       2640.04512156    
   62.8000000000       2623.87810037    
   62.9000000000       2607.83548993    
   63.0000000000       2591.91621168    
   63.1000000000       2576.11919646    
   63.2000000000       2560.44338441    
   63.3000000000       2544.88772493    
   63.4000000000       2529.45117662    
   63.5000000000       2514.13270719    
   63.6000000000       2498.93129344    
   63.7000000000       2483.84592115    
   63.8000000000       2468.87558507    
   63.9000000000       2454.01928881    
   64.0000000000       2439.27604479    
   64.1000000000       2424.64487418    
   64.2000000000       2410.12480684    
   64.3000000000       2395.71488124    
   64.4000000000       2381.41414444    
   64.5000000000       2367.22165195    
   64.6000000000       2353.13646775    
   64.7000000000       2339.15766414    
   64.8000000000       2325.28432177    
   64.9000000000       2311.51552950    
   65.0000000000       2297.85038436    
   65.1000000000       2284.28799152    
   65.2000000000       2270.82746415    
   65.3000000000       2257.46792346    
   65.4000000000       2244.20849854    
   65.5000000000       2231.04832634    
   65.6000000000       2217.98655162    
   65.7000000000       2205.02232687    
   65.8000000000       2192.15481224    
   65.9000000000       2179.38317548    
   66.0000000000       2166.70659190    
   66.1000000000       2154.12424429    
   66.2000000000       2141.63532284    
   66.3000000000       2129.23902513    
   66.4000000000       2116.93455600    
   66.5000000000       2104.72112756    
   66.6000000000       2092.59795908    
   66.7000000000       2080.56427694    
   66.8000000000       2068.61931459    
   66.9000000000       2056.76231245    
   67.0000000000       2044.99251789    
   67.1000000000       2033.30918516    
   67.2000000000       2021.71157532    
   67.3000000000       2010.19895617    
   67.4000000000       1998.77060224    
   67.5000000000       1987.42579467    
   67.6000000000       1976.16382121    
   67.7000000000       1964.98397611    
   67.8000000000       1953.88556009    
   67.9000000000       1942.86788031    
   68.0000000000       1931.93025024    
   68.1000000000       1921.07198967    
   68.2000000000       1910.29242465    
   68.3000000000       1899.59088737    
   68.4000000000       1888.96671620    
   68.5000000000       1878.41925555    
   68.6000000000       1867.94785586    
   68.7000000000       1857.55187355    
   68.8000000000       1847.23067094    
   68.9000000000       1836.98361622    
   69.0000000000       1826.81008338    
   69.1000000000       1816.70945216    
   69.2000000000       1806.68110802    
   69.3000000000       1796.72444204    
   69.4000000000       1786.83885094    
   69.5000000000       1777.02373694    
   69.6000000000       1767.27850779    
   69.7000000000       1757.60257668    
   69.8000000000       1747.99536219    
   69.9000000000       1738.45628824    
   70.0000000000       1728.98478406    
   70.1000000000       1719.58028413    
   70.2000000000       1710.24222810    
   70.3000000000       1700.97006081    
   70.4000000000       1691.76323218    
   70.5000000000       1682.62119719    
   70.6000000000       1673.54341583    
   70.7000000000       1664.52935305    
   70.8000000000       1655.57847872    
   70.9000000000       1646.69026757    
   71.0000000000       1637.86419916    
   71.1000000000       1629.09975784    
   71.2000000000       1620.39643266    
   71.3000000000       1611.75371740    
   71.4000000000       1603.17111046    
   71.5000000000       1594.64811485    
   71.6000000000       1586.18423813    
   71.7000000000       1577.77899238    
   71.8000000000       1569.43189416    
   71.9000000000       1561.14246444    
   72.0000000000       1552.91022861    
   72.1000000000       1544.73471637    
   72.2000000000       1536.61546174    
   72.3000000000       1528.55200302    
   72.4000000000       1520.54388271    
   72.5000000000       1512.59064751    
   72.6000000000       1504.69184825    
   72.7000000000       1496.84703988    
   72.8000000000       1489.05578140    
   72.9000000000       1481.31763585    
   73.0000000000       1473.63217024    
   73.1000000000       1465.99895555    
   73.2000000000       1458.41756667    
   73.3000000000       1450.88758234    
   73.4000000000       1443.40858517    
   73.5000000000       1435.98016156    
   73.6000000000       1428.60190166    
   73.7000000000       1421.27339937    
   73.8000000000       1413.99425227    
   73.9000000000       1406.76406160    
   74.0000000000       1399.58243222    
   74.1000000000       1392.44897258    
   74.2000000000       1385.36329470    
   74.3000000000       1378.32501408    
   74.4000000000       1371.33374975    
   74.5000000000       1364.38912415    
   74.6000000000       1357.49076317    
   74.7000000000       1350.63829607    
   74.8000000000       1343.83135546    
   74.9000000000       1337.06957730    
   75.0000000000       1330.35260080    
   75.1000000000       1323.68006844    
   75.2000000000       1317.05162595    
   75.3000000000       1310.46692221    
   75.4000000000       1303.92560932    
   75.5000000000       1297.42734245    
   75.6000000000       1290.97177993    
   75.7000000000       1284.55858313    
   75.8000000000       1278.18741647    
   75.9000000000       1271.85794740    
   76.0000000000       1265.56984634    
   76.1000000000       1259.32278667    
   76.2000000000       1253.11644470    
   76.3000000000       1246.95049963    
   76.4000000000       1240.82463356    
   76.5000000000       1234.73853140    
   76.6000000000       1228.69188090    
   76.7000000000       1222.68437260    
   76.8000000000       1216.71569978    
   76.9000000000       1210.78555849    
   77.0000000000       1204.89364746    
   77.1000000000       1199.03966813    
   77.2000000000       1193.22332457    
   77.3000000000       1187.44432351    
   77.4000000000       1181.70237427    
   77.5000000000       1175.99718876    
   77.6000000000       1170.32848145    
   77.7000000000       1164.69596932    
   77.8000000000       1159.09937189    
   77.9000000000       1153.53841114    
   78.0000000000       1148.01281154    
   78.1000000000       1142.52229995    
   78.2000000000       1137.06660569    
   78.3000000000       1131.64546044    
   78.4000000000       1126.25859826    
   78.5000000000       1120.90575555    
   78.6000000000       1115.58667104    
   78.7000000000       1110.30108575    
   78.8000000000       1105.04874297    
   78.9000000000       1099.82938827    
   79.0000000000       1094.64276944    
   79.1000000000       1089.48863647    
   79.2000000000       1084.36674156    
   79.3000000000       1079.27683908    
   79.4000000000       1074.21868553    
   79.5000000000       1069.19203957    
   79.6000000000       1064.19666194    
   79.7000000000       1059.23231549    
   79.8000000000       1054.29876511    
   79.9000000000       1049.39577778    
   80.0000000000       1044.52312247    
   80.1000000000       1039.68057018    
   80.2000000000       1034.86789389    
   80.3000000000       1030.08486857    
   80.4000000000       1025.33127113    
   80.5000000000       1020.60688040    
   80.6000000000       1015.91147716    
   80.7000000000       1011.24484405    
   80.8000000000       1006.60676562    
   80.9000000000       1001.99702826    
   81.0000000000       997.415420210    
   81.1000000000       992.861731548    
   81.2000000000       988.335754146    
   81.3000000000       983.837281673    
   81.4000000000       979.366109572    
   81.5000000000       974.922035045    
   81.6000000000       970.504857034    
   81.7000000000       966.114376206    
   81.8000000000       961.750394935    
   81.9000000000       957.412717289    
   82.0000000000       953.101149012    
   82.1000000000       948.815497505    
   82.2000000000       944.555571819    
   82.3000000000       940.321182628    
   82.4000000000       936.112142224    
   82.5000000000       931.928264495    
   82.6000000000       927.769364913    
   82.7000000000       923.635260518    
   82.8000000000       919.525769905    
   82.9000000000       915.440713205    
   83.0000000000       911.379912076    
   83.1000000000       907.343189685    
   83.2000000000       903.330370695    
   83.3000000000       899.341281251    
   83.4000000000       895.375748966    
   83.5000000000       891.433602906    
   83.6000000000       887.514673579    
   83.7000000000       883.618792920    
   83.8000000000       879.745794276    
   83.9000000000       875.895512396    
   84.0000000000       872.067783415    
   84.1000000000       868.262444843    
   84.2000000000       864.479335553    
   84.3000000000       860.718295763    
   84.4000000000       856.979167032    
   84.5000000000       853.261792238    
   84.6000000000       849.566015574    
   84.7000000000       845.891682531    
   84.8000000000       842.238639885    
   84.9000000000       838.606735691    
   85.0000000000       834.995819265    
   85.1000000000       831.405741174    
   85.2000000000       827.836353227    
   85.3000000000       824.287508459    
   85.4000000000       820.759061125    
   85.5000000000       817.250866682    
   85.6000000000       813.762781785    
   85.7000000000       810.294664272    
   85.8000000000       806.846373152    
   85.9000000000       803.417768597    
   86.0000000000       800.008711930    
   86.1000000000       796.619065615    
   86.2000000000       793.248693245    
   86.3000000000       789.897459533    
   86.4000000000       786.565230301    
   86.5000000000       783.251872472    
   86.6000000000       779.957254054    
   86.7000000000       776.681244138    
   86.8000000000       773.423712883    
   86.9000000000       770.184531506    
   87.0000000000       766.963572275    
   87.1000000000       763.760708496    
   87.2000000000       760.575814509    
   87.3000000000       757.408765672    
   87.4000000000       754.259438357    
   87.5000000000       751.127709935    
   87.6000000000       748.013458775    
   87.7000000000       744.916564228    
   87.8000000000       741.836906619    
   87.9000000000       738.774367242    
   88.0000000000       735.728828348    
   88.1000000000       732.700173137    
   88.2000000000       729.688285748    
   88.3000000000       726.693051255    
   88.4000000000       723.714355652    
   88.5000000000       720.752085850    
   88.6000000000       717.806129668    
   88.7000000000       714.876375821    
   88.8000000000       711.962713916    
   88.9000000000       709.065034443    
   89.0000000000       706.183228764    
   89.1000000000       703.317189112    
   89.2000000000       700.466808575    
   89.3000000000       697.631981093    
   89.4000000000       694.812601451    
   89.5000000000       692.008565269    
   89.6000000000       689.219768995    
   89.7000000000       686.446109898    
   89.8000000000       683.687486062    
   89.9000000000       680.943796376    
   90.0000000000       678.214940529    
   90.1000000000       675.500819001    
   90.2000000000       672.801333058    
   90.3000000000       670.116384744    
   90.4000000000       667.445876873    
   90.5000000000       664.789713024    
   90.6000000000       662.147797533    
   90.7000000000       659.520035488    
   90.8000000000       656.906332718    
   90.9000000000       654.306595793    
   91.0000000000       651.720732011    
   91.1000000000       649.148649396    
   91.2000000000       646.590256689    
   91.3000000000       644.045463343    
   91.4000000000       641.514179517    
   91.5000000000       638.996316068    
   91.6000000000       636.491784547    
   91.7000000000       634.000497190    
   91.8000000000       631.522366917    
   91.9000000000       629.057307319    
   92.0000000000       626.605232659    
   92.1000000000       624.166057861    
   92.2000000000       621.739698507    
   92.3000000000       619.326070832    
   92.4000000000       616.925091713    
   92.5000000000       614.536678671    
   92.6000000000       612.160749859    
   92.7000000000       609.797224059    
   92.8000000000       607.446020678    
   92.9000000000       605.107059740    
   93.0000000000       602.780261881    
   93.1000000000       600.465548346    
   93.2000000000       598.162840982    
   93.3000000000       595.872062230    
   93.4000000000       593.593135125    
   93.5000000000       591.325983290    
   93.6000000000       589.070530925    
   93.7000000000       586.826702810    
   93.8000000000       584.594424295    
   93.9000000000       582.373621297    
   94.0000000000       580.164220293    
   94.1000000000       577.966148321    
   94.2000000000       575.779332965    
   94.3000000000       573.603702360    
   94.4000000000       571.439185183    
   94.5000000000       569.285710648    
   94.6000000000       567.143208503    
   94.7000000000       565.011609024    
   94.8000000000       562.890843011    
   94.9000000000       560.780841784    
   95.0000000000       558.681537179    
   95.1000000000       556.592861541    
   95.2000000000       554.514747722    
   95.3000000000       552.447129076    
   95.4000000000       550.389939457    
   95.5000000000       548.343113209    
   95.6000000000       546.306585167    
   95.7000000000       544.280290652    
   95.8000000000       542.264165465    
   95.9000000000       540.258145884    
   96.0000000000       538.262168661    
   96.1000000000       536.276171016    
   96.2000000000       534.300090633    
   96.3000000000       532.333865660    
   96.4000000000       530.377434700    
   96.5000000000       528.430736808    
   96.6000000000       526.493711492    
   96.7000000000       524.566298704    
   96.8000000000       522.648438837    
   96.9000000000       520.740072723    
   97.0000000000       518.841141630    
   97.1000000000       516.951587254    
   97.2000000000       515.071351720    
   97.3000000000       513.200377577    
   97.4000000000       511.338607794    
   97.5000000000       509.485985755    
   97.6000000000       507.642455261    
   97.7000000000       505.807960518    
   97.8000000000       503.982446141    
   97.9000000000       502.165857149    
   98.0000000000       500.358138958    
   98.1000000000       498.559237381    
   98.2000000000       496.769098625    
   98.3000000000       494.987669286    
   98.4000000000       493.214896346    
   98.5000000000       491.450727171    
   98.6000000000       489.695109508    
   98.7000000000       487.947991479    
   98.8000000000       486.209321580    
   98.9000000000       484.479048680    
   99.0000000000       482.757122013    
   99.1000000000       481.043491180    
   99.2000000000       479.338106141    
   99.3000000000       477.640917218    
   99.4000000000       475.951875086    
   99.5000000000       474.270930774    
   99.6000000000       472.598035661    
   99.7000000000       470.933141473    
   99.8000000000       469.276200280    
   99.9000000000       467.627164493    
   100.000000000       465.985986864    
