                      date      time  O8+_beam_current  O8+_batman_current    O8+_mq  O7+_beam_current  O7+_batman_current    O7+_mq  O6+_beam_current  O6+_batman_current    O6+_mq  O5+_beam_current  O5+_batman_current    O5+_mq  O4+_beam_current  O4+_batman_current    O4+_mq  O3+_beam_current  O3+_batman_current    O3+_mq  O2+_beam_current  O2+_batman_current  O2+_mq
file                                                                                                                                                                                                                                                                                                                                                                              
csd_1747735794  2025-05-20  10:09:57          0.000003              46.511  1.641541          0.000112              66.225  3.038397          0.000422              71.327  3.617414          0.000990              76.948  4.401303          0.000031              78.266  4.557788          0.000720              83.771  5.211390          0.000263             107.607     8.0
csd_1747736046  2025-05-20  10:14:08          0.000003              46.509  1.641411          0.000112              66.990  3.084925          0.000404              71.221  3.599317          0.000949              76.849  4.389549          0.000032              78.728  4.612641          0.000622              83.767  5.210915          0.000270             107.534     8.0
csd_1747736395  2025-05-20  10:19:59          0.000003              47.134  1.682093          0.000025              66.553  3.058346          0.000143              71.222  3.599488          0.000545              76.755  4.378389          0.000018              78.637  4.601836          0.000480              83.768  5.211034          0.000362             107.468     8.0
csd_1747736924  2025-05-20  10:28:47          0.000003              47.752  1.722320          0.000064              65.559  2.997890          0.000306              70.813  3.529663          0.000920              76.280  4.321993          0.000026              78.825  4.624157          0.000729              84.032  5.242378          0.000314             107.879     8.0
csd_1747737214  2025-05-20  10:33:36          0.000003              47.289  1.692183          0.000056              65.891  3.018082          0.000297              70.810  3.529151          0.000922              76.277  4.321636          0.000024              78.637  4.601836          0.000735              84.029  5.242022          0.000366             107.604     8.0
csd_1747737485  2025-05-20  10:38:07          0.000004              46.037  1.610688          0.000042              66.554  3.058407          0.000258              71.428  3.634656          0.000880              76.851  4.389787          0.000022              78.265  4.557669          0.000742              83.682  5.200823          0.000444             107.606     8.0
csd_1747737785  2025-05-20  10:43:08          0.000003              47.291  1.692313          0.000085              66.114  3.031646          0.000317              71.224  3.599829          0.000817              76.757  4.378626          0.000028              78.266  4.557788          0.000653              83.858  5.221719          0.000253             107.539     8.0
csd_1747738107  2025-05-20  10:48:30          0.000002              47.290  1.692248          0.000021              65.335  2.984266          0.000089              66.664  3.065098          0.000075              66.883  3.078417          0.000661              76.851  4.389787          0.000498              83.595  5.190494          0.000143             107.061     8.0
csd_1747738503  2025-05-20  10:55:06          0.000002              47.444  1.702272          0.000044              66.224  3.038336          0.000171              70.812  3.529492          0.000464              76.565  4.355830          0.000015              78.638  4.601955          0.000282              83.682  5.200823          0.000200             107.741     8.0
csd_1747740225  2025-05-20  11:23:48          0.000003              46.665  1.651565          0.000039              66.110  3.031402          0.000157              70.911  3.546394          0.000464              76.371  4.332797          0.000016              78.727  4.612522          0.000395              83.940  5.231455          0.000215             107.668     8.0
csd_1747740982  2025-05-20  11:36:25          0.000002              46.353  1.631257          0.000036              66.444  3.051717          0.000149              71.018  3.564661          0.000462              76.756  4.378507          0.000016              78.545  4.590913          0.000405              83.595  5.190494          0.000266             107.673     8.0
csd_1747742105  2025-05-20  11:55:08          0.000002              47.906  1.732344          0.000025              66.226  3.038458          0.000109              70.917  3.547418          0.000368              76.472  4.344788          0.000013              78.547  4.591151          0.000359              83.859  5.221838          0.000278             108.151     8.0
csd_1747744054  2025-05-20  12:27:37          0.000003              47.599  1.712361          0.000043              66.665  3.065158          0.000161              71.019  3.564831          0.000452              76.567  4.356068          0.000015              78.639  4.602074          0.000383              83.858  5.221719          0.000203             107.743     8.0
csd_1747807959  2025-05-21  06:12:43          0.000010              47.444  1.702272          0.000050              66.554  3.058407          0.000245              70.708  3.511737          0.001008              76.756  4.378507          0.000055              78.265  4.557669          0.000002              85.240  5.397748          0.000090             107.470     8.0
csd_1747816273  2025-05-21  08:31:16          0.000008              47.290  1.692248          0.000032              66.003  3.024894          0.000162              70.501  3.476398          0.000682              76.470  4.344551          0.000040              78.545  4.590913          0.000567              83.857  5.221601          0.000161             108.080     8.0
csd_1747818212  2025-05-21  09:03:35          0.000009              47.135  1.682158          0.000031              66.773  3.071727          0.000153              71.018  3.564661          0.000715              76.661  4.367228          0.000041              78.545  4.590913          0.000617              83.682  5.200823          0.000168             107.945     8.0
csd_1747818647  2025-05-21  09:10:50          0.000008              47.291  1.692313          0.000014              66.555  3.058468          0.000053              70.606  3.494324          0.000385              76.471  4.344670          0.000028              78.639  4.602074          0.000491              83.858  5.221719          0.000212             107.879     8.0
csd_1747819082  2025-05-21  09:18:05          0.000009              47.447  1.702467          0.000018              66.886  3.078600          0.000066              70.401  3.459326          0.000076              70.815  3.530004          0.000545              76.665  4.367703          0.000648              83.599  5.190969          0.000247             107.814     8.0
csd_1747819920  2025-05-21  09:32:03          0.000007              46.353  1.631257          0.000035              66.554  3.058407          0.000183              71.223  3.599659          0.000673              76.756  4.378507          0.000041              78.265  4.557669          0.000566              83.507  5.180046          0.000156             107.877     8.0
csd_1747820281  2025-05-21  09:38:04          0.000006              46.195  1.620972          0.000041              66.333  3.044966          0.000180              71.119  3.581904          0.000660              76.660  4.367109          0.000037              78.357  4.568592          0.000516              83.681  5.200704          0.000142             107.943     8.0
csd_1747820966  2025-05-21  09:49:29          0.000008              46.981  1.672134          0.000060              66.445  3.051778          0.000280              70.398  3.458813          0.000016              71.838  3.704652          0.000893              76.567  4.356068          0.000596              83.771  5.211390          0.000139             107.607     8.0
csd_1747821273  2025-05-21  09:54:36          0.000007              46.981  1.672134          0.000056              66.114  3.031646          0.000234              70.916  3.547247          0.000242              71.122  3.582416          0.000764              76.662  4.367347          0.000510              83.683  5.200942          0.000110             106.994     8.0
csd_1747823028  2025-05-21  10:23:51          0.000006              46.981  1.672134          0.000006              65.782  3.011453          0.000073              66.774  3.071788          0.000284              71.224  3.599829          0.000016              72.041  3.739309          0.000457              84.032  5.242378          0.000125             107.335     8.0
csd_1747823785  2025-05-21  10:36:28          0.000005              48.210  1.752132          0.000017              65.672  3.004762          0.000084              66.446  3.051838          0.000089              66.666  3.065219          0.000002              74.044  4.056515          0.000505              83.597  5.190731          0.000114             107.269     8.0
csd_1747824798  2025-05-21  10:53:21          0.000008              46.513  1.641672          0.000061              66.886  3.078600          0.000263              71.329  3.617755          0.000719              76.665  4.367703          0.000038              78.269  4.558144          0.000474              83.599  5.190969          0.000118             107.679     8.0
csd_1747825135  2025-05-21  10:58:57          0.000009              47.289  1.692183          0.000060              66.112  3.031524          0.000251              71.017  3.564490          0.000014              71.733  3.686726          0.000761              76.373  4.333034          0.000510              83.942  5.231693          0.000126             107.740     8.0
csd_1747826324  2025-05-21  11:18:46          0.000005              46.980  1.672069          0.000040              66.003  3.024894          0.000037              66.554  3.058407          0.000199              71.018  3.564661          0.000675              76.661  4.367228          0.000500              83.682  5.200823          0.000048             106.376     8.0
csd_1747827335  2025-05-21  11:35:38          0.000005              47.446  1.702402          0.000004              66.115  3.031706          0.000002              70.296  3.441400          0.000037              76.281  4.322111          0.000039              76.472  4.344788          0.000092              83.859  5.221838          0.000244             107.541     8.0
csd_1747828660  2025-05-21  11:57:43          0.000004              46.197  1.621103          0.000049              66.776  3.071910          0.000206              71.328  3.617584          0.000636              76.759  4.378864          0.000020              78.361  4.569067          0.000490              83.510  5.180402          0.000144             107.405     8.0
csd_1747828999  2025-05-21  12:03:22          0.000005              46.825  1.661980          0.000046              66.666  3.065219          0.000201              70.710  3.512079          0.000605              76.472  4.344788          0.000024              78.733  4.613234          0.000449              83.859  5.221838          0.000130             107.405     8.0
csd_1747829758  2025-05-21  12:16:01          0.000006              46.354  1.631322          0.000046              66.884  3.078478          0.000207              71.019  3.564831          0.000198              71.224  3.599829          0.000569              76.757  4.378626          0.000429              83.683  5.200942          0.000108             106.720     8.0
csd_1747830423  2025-05-21  12:27:06          0.000005              47.292  1.692378          0.000051              66.776  3.071910          0.000194              71.123  3.582586          0.000572              76.663  4.367466          0.000557              76.854  4.390143          0.000453              83.772  5.211509          0.000127             106.996     8.0
csd_1747831338  2025-05-21  12:42:21          0.000006              46.353  1.631257          0.000047              66.664  3.065098          0.000214              71.223  3.599659          0.000622              76.661  4.367228          0.000027              78.452  4.579871          0.000463              83.682  5.200823          0.000119             106.719     8.0
csd_1747832366  2025-05-21  12:59:28          0.000007              47.446  1.702402          0.000043              65.337  2.984387          0.000045              65.560  2.997950          0.000042              66.005  3.025016          0.000395              76.281  4.322111          0.000311              83.946  5.232167          0.000157             107.405     8.0
csd_1747832932  2025-05-21  13:08:55          0.000007              48.057  1.742173          0.000024              66.883  3.078417          0.000090              71.326  3.617243          0.000002              75.411  4.218817          0.000305              76.851  4.389787          0.000246              83.857  5.221601          0.000204             107.402     8.0
csd_1747834049  2025-05-21  13:27:32          0.000005              47.600  1.712426          0.000012              66.005  3.025016          0.000015              66.226  3.038458          0.000011              66.994  3.085169          0.000043              71.431  3.635169          0.000129              83.597  5.190731          0.000195             107.337     8.0
csd_1747834489  2025-05-21  13:34:52          0.000006              47.753  1.722385          0.000030              66.336  3.045148          0.000088              71.328  3.617584          0.000002              74.830  4.149836          0.000002              75.025  4.172988          0.000182              83.772  5.211509          0.000174             107.473     8.0
csd_1747834723  2025-05-21  13:38:46          0.000006              46.825  1.661980          0.000034              66.445  3.051778          0.000033              66.665  3.065158          0.000028              66.993  3.085108          0.000002              74.926  4.161234          0.000180              84.032  5.242378          0.000154             107.539     8.0
csd_1747835024  2025-05-21  13:43:47          0.000005              46.982  1.672199          0.000024              65.561  2.998011          0.000035              65.784  3.011574          0.000034              66.227  3.038518          0.000088              71.534  3.652753          0.000229              83.861  5.222076          0.000157             107.270     8.0
csd_1747835354  2025-05-21  13:49:16          0.000005              47.135  1.682158          0.000040              66.883  3.078417          0.000133              71.326  3.617243          0.000353              76.565  4.355830          0.000014              78.916  4.634962          0.000278              83.857  5.221601          0.000228             107.606     8.0
csd_1747835690  2025-05-21  13:54:52          0.000006              47.753  1.722385          0.000042              66.556  3.058529          0.000159              70.917  3.547418          0.000432              76.377  4.333509          0.000015              78.640  4.602192          0.000349              83.859  5.221838          0.000076             106.927     8.0
csd_1747836061  2025-05-21  14:01:03          0.000005              47.291  1.692313          0.000043              66.774  3.071788          0.000164              70.916  3.547247          0.000159              71.327  3.617414          0.000474              76.853  4.390024          0.000397              83.683  5.200942          0.000221             107.471     8.0
csd_1747836582  2025-05-21  14:09:46          0.000004              46.981  1.672134          0.000032              66.556  3.058529          0.000142              70.917  3.547418          0.000465              76.663  4.367466          0.000017              78.268  4.558025          0.000427              83.772  5.211509          0.000289             108.219     8.0