1747731002.829 42.742 0.03517732 4.63027e-08
1747731002.879 42.913 0.03515497 4.55804e-08
1747731002.929 43.083 0.03514380 4.84397e-08
1747731002.979 43.252 0.03519036 4.76917e-08
1747731003.029 43.421 0.03525926 4.83672e-08
1747731003.079 43.589 0.03536541 4.76993e-08
1747731003.129 43.756 0.03554233 5.01110e-08
1747731003.179 43.923 0.03568386 5.04680e-08
1747731003.229 44.089 0.03584308 4.85284e-08
1747731003.280 44.255 0.03595296 4.88229e-08
1747731003.379 44.420 0.03618667 4.98145e-08
1747731003.427 44.584 0.03626209 6.22260e-08
1747731003.480 44.748 0.03637569 1.08531e-07
1747731003.490 44.911 0.03638966 1.19376e-07
1747731003.497 45.073 0.03638687 1.41691e-07
1747731003.504 45.235 0.03636824 1.36831e-07
1747731003.513 45.396 0.03636824 1.76739e-07
1747731003.523 45.557 0.03638035 1.86533e-07
1747731003.533 45.717 0.03642411 2.23354e-07
1747731003.543 45.877 0.03645763 2.71341e-07
1747731003.553 46.036 0.03645577 2.62718e-07
1747731003.563 46.195 0.03644553 4.09352e-07
1747731003.573 46.352 0.03646881 4.26723e-07
1747731003.583 46.510 0.03649302 5.04085e-07
1747731003.593 46.667 0.03653119 5.43252e-07
1747731003.603 46.823 0.03654050 5.64480e-07
1747731003.613 46.979 0.03657589 7.39271e-07
1747731003.623 47.134 0.03661499 8.05997e-07
1747731003.633 47.289 0.03664479 9.70553e-07
1747731003.643 47.444 0.03670997 1.18689e-06
1747731003.653 47.597 0.03676956 1.41167e-06
1747731003.663 47.751 0.03685895 1.78114e-06
1747731003.673 47.904 0.03693624 1.95790e-06
1747731003.683 48.056 0.03700607 2.33404e-06
1747731003.693 48.208 0.03712526 2.41726e-06
1747731003.703 48.359 0.03723141 2.15138e-06
1747731003.713 48.510 0.03734128 1.67745e-06
1747731003.723 48.661 0.03744650 1.10256e-06
1747731003.733 48.811 0.03757592 4.67323e-07
1747731003.743 48.960 0.03772118 1.72220e-07
1747731003.753 49.109 0.03789251 3.31465e-08
1747731003.763 49.258 0.03803404 8.89147e-08
1747731003.811 49.406 0.03881340 5.04368e-08
1747731003.817 49.554 0.03895959 -1.19411e-08
1747731003.824 49.701 0.03911043 5.31181e-08
1747731003.833 49.848 0.03911043 4.79580e-08
1747731003.843 49.994 0.03926128 4.36234e-08
1747731003.853 50.140 0.03940095 1.16477e-08
1747731003.863 50.286 0.03953596 8.57930e-08
1747731003.939 50.431 0.04042799 2.35366e-08
1747731003.946 50.576 0.04047641 4.87304e-08
1747731003.996 50.720 0.04079579 4.81223e-08
1747731004.045 50.864 0.04100250 4.05573e-08
1747731004.094 51.008 0.04109375 4.03643e-08
1747731004.145 51.151 0.04122970 4.10278e-08
1747731004.195 51.293 0.04124087 3.99075e-08
1747731004.244 51.436 0.04138240 3.97229e-08
1747731004.295 51.578 0.04151742 3.83171e-08
1747731004.303 51.719 0.04151742 3.67550e-09
1747731004.313 51.860 0.04153045 6.72388e-08
1747731004.362 52.001 0.04163940 4.62488e-08
1747731004.412 52.142 0.04175672 4.17040e-08
1747731004.477 52.282 0.04200161 4.36401e-08
1747731004.527 52.421 0.04219714 5.20272e-08
1747731004.579 52.560 0.04234799 4.46317e-08
1747731004.630 52.699 0.04246997 4.53288e-08
1747731004.698 52.838 0.04258077 4.33908e-08
1747731004.705 52.976 0.04259101 2.40260e-08
1747731004.713 53.114 0.04259101 4.26170e-08
1747731004.761 53.251 0.04267854 4.83858e-08
1747731004.811 53.388 0.04277910 4.01412e-08
1747731004.818 53.525 0.04278842 -6.30000e-10
1747731004.825 53.662 0.04285080 8.09058e-08
1747731004.832 53.798 0.04285080 3.60514e-08
1747731004.842 53.933 0.04286011 2.46501e-08
1747731004.852 54.069 0.04285080 3.67648e-08
1747731004.862 54.204 0.04287035 8.15916e-08
1747731004.910 54.338 0.04309010 4.74997e-08
1747731004.917 54.473 0.04312921 -1.02672e-08
1747731004.924 54.607 0.04316180 4.95112e-08
1747731004.932 54.741 0.04316180 4.81462e-08
1747731004.942 54.874 0.04320929 2.48213e-08
1747731004.952 55.007 0.04325677 3.02726e-08
1747731004.962 55.140 0.04333313 8.12822e-08
1747731005.037 55.272 0.04385270 2.61675e-08
1747731005.044 55.404 0.04394488 4.94197e-08
1747731005.094 55.536 0.04436576 4.51476e-08
1747731005.160 55.667 0.04481550 6.11455e-08
1747731005.167 55.799 0.04487602 -9.18500e-09
1747731005.173 55.929 0.04496354 4.17588e-08
1747731005.182 56.060 0.04496354 4.99803e-08
1747731005.192 56.190 0.04498124 2.53556e-08
1747731005.202 56.320 0.04501103 3.25748e-08
1747731005.212 56.450 0.04503990 8.10072e-08
1747731005.260 56.579 0.04512556 6.33569e-08
1747731005.267 56.708 0.04512556 -1.06753e-08
1747731005.273 56.837 0.04516281 2.72311e-08
1747731005.282 56.966 0.04516281 4.57953e-08
1747731005.292 57.094 0.04518329 2.36352e-08
1747731005.302 57.222 0.04519074 3.28628e-08
1747731005.312 57.349 0.04520936 8.30963e-08
1747731005.322 57.477 0.04523916 4.70160e-09
1747731005.332 57.604 0.04528199 3.87340e-08
1747731005.342 57.730 0.04530527 2.26561e-08
1747731005.352 57.857 0.04533693 3.26518e-08
1747731005.362 57.983 0.04537790 8.34349e-08
1747731005.410 58.109 0.04566655 5.83006e-08
1747731005.460 58.235 0.04611908 6.36929e-08
1747731005.465 58.360 0.04620754 -7.73410e-09
1747731005.472 58.485 0.04620754 2.49761e-08
1747731005.482 58.610 0.04630997 4.12543e-08
1747731005.492 58.735 0.04642915 2.29417e-08
1747731005.502 58.859 0.04652320 4.00261e-08
1747731005.512 58.983 0.04662282 8.34849e-08
1747731005.522 59.107 0.04671687 5.28800e-10
1747731005.532 59.230 0.04681836 4.14045e-08
1747731005.542 59.354 0.04691800 2.23705e-08
1747731005.592 59.477 0.04729697 2.34349e-08
1747731005.598 59.599 0.04739008 2.32675e-08
1747731005.605 59.722 0.04741615 2.38334e-08
1747731005.612 59.844 0.04741615 4.28730e-08
1747731005.622 59.966 0.04745526 -1.33180e-09
1747731005.679 60.088 0.04774484 4.11028e-08
1747731005.729 60.210 0.04803629 4.26058e-08
1747731005.779 60.331 0.04831563 4.24509e-08
1747731005.829 60.452 0.04856797 4.75508e-08
1747731005.879 60.573 0.04868901 4.76997e-08
1747731005.947 60.693 0.04883800 5.44727e-08
1747731005.997 60.814 0.04886407 5.46497e-08
1747731006.004 60.934 0.04889666 2.98445e-08
1747731006.012 61.054 0.04889666 5.72759e-08
1747731006.061 61.173 0.04895997 6.09383e-08
1747731006.142 61.293 0.04915458 8.16080e-08
1747731006.152 61.412 0.04915458 2.76378e-08
1747731006.162 61.531 0.04915737 9.12601e-08
1747731006.210 61.649 0.04934081 6.64534e-08
1747731006.278 61.768 0.04955404 5.30388e-08
1747731006.328 61.886 0.04968905 4.97486e-08
1747731006.378 62.004 0.04981382 5.02382e-08
1747731006.428 62.122 0.04989949 5.31917e-08
1747731006.479 62.239 0.04999540 5.92473e-08
1747731006.529 62.357 0.05005406 6.03808e-08
1747731006.579 62.474 0.05018348 6.22530e-08
1747731006.629 62.591 0.05027008 6.30714e-08
1747731006.703 62.707 0.05040975 4.85280e-08
1747731006.712 62.824 0.05040975 7.39654e-08
1747731006.760 62.940 0.05050938 6.82394e-08
1747731006.767 63.056 0.05053080 -3.53770e-09
1747731006.773 63.172 0.05054104 5.23682e-08
1747731006.791 63.288 0.05058014 8.12386e-08
1747731006.801 63.403 0.05058014 4.14132e-08
1747731006.811 63.518 0.05062577 6.88015e-08
1747731006.859 63.633 0.05068350 7.04417e-08
1747731006.866 63.748 0.05071236 -7.63700e-10
1747731006.914 63.863 0.05086880 4.51265e-08
1747731006.921 63.977 0.05086880 2.40985e-08
1747731006.931 64.091 0.05088835 4.73861e-08
1747731006.941 64.205 0.05094981 2.89499e-08
1747731006.951 64.319 0.05097495 2.45943e-08
1747731006.961 64.432 0.05103734 8.30660e-08
1747731007.010 64.546 0.05130829 6.35834e-08
1747731007.017 64.659 0.05135857 -5.50400e-10
1747731007.023 64.772 0.05140793 7.35655e-08
1747731007.031 64.885 0.05140793 1.00753e-07
1747731007.041 64.997 0.05146752 1.34120e-07
1747731007.051 65.109 0.05154759 3.44805e-07
1747731007.061 65.222 0.05159974 7.98272e-07
1747731007.071 65.334 0.05166492 1.44675e-06
1747731007.081 65.445 0.05170217 2.66129e-06
1747731007.091 65.557 0.05176920 3.54036e-06
1747731007.101 65.668 0.05182601 5.21400e-06
1747731007.111 65.780 0.05187163 7.32953e-06
1747731007.121 65.891 0.05194054 9.69017e-06
1747731007.131 66.002 0.05200013 1.27997e-05
1747731007.141 66.112 0.05205134 1.66947e-05
1747731007.151 66.223 0.05211652 2.28633e-05
1747731007.161 66.333 0.05217332 2.69711e-05
1747731007.171 66.443 0.05223198 3.64666e-05
1747731007.181 66.553 0.05231392 4.70812e-05
1747731007.191 66.663 0.05235116 5.63514e-05
1747731007.201 66.772 0.05243590 6.02442e-05
1747731007.211 66.882 0.05248804 6.14532e-05
1747731007.258 66.991 0.05290426 4.14020e-05
1747731007.266 67.100 0.05298992 6.34572e-06
1747731007.272 67.209 0.05308955 3.28673e-06
1747731007.281 67.318 0.05308955 1.63368e-06
1747731007.291 67.426 0.05317801 5.69729e-07
1747731007.301 67.534 0.05328044 3.18722e-07
1747731007.311 67.642 0.05339404 1.69270e-07
1747731007.321 67.750 0.05348529 6.55082e-08
1747731007.331 67.858 0.05358771 1.09866e-07
1747731007.341 67.966 0.05367710 8.12507e-08
1747731007.351 68.073 0.05375531 1.08222e-07
1747731007.361 68.181 0.05383725 1.18991e-07
1747731007.371 68.288 0.05393502 5.92661e-08
1747731007.381 68.395 0.05400393 1.19102e-07
1747731007.391 68.502 0.05410449 1.03615e-07
1747731007.401 68.608 0.05415105 1.32887e-07
1747731007.411 68.715 0.05421436 1.35942e-07
1747731007.421 68.821 0.05428513 5.51614e-08
1747731007.431 68.927 0.05438104 1.02362e-07
1747731007.441 69.033 0.05444715 5.21312e-08
1747731007.451 69.139 0.05451140 6.09797e-08
1747731007.461 69.245 0.05456540 7.71338e-08
1747731007.471 69.350 0.05465013 3.51854e-08
1747731007.481 69.455 0.05473021 9.68082e-08
1747731007.491 69.561 0.05477677 7.35075e-08
1747731007.501 69.666 0.05482519 1.02186e-07
1747731007.511 69.770 0.05488571 1.13408e-07
1747731007.521 69.875 0.05495927 5.08536e-08
1747731007.531 69.980 0.05506263 1.76011e-07
1747731007.541 70.084 0.05512035 6.63404e-07
1747731007.551 70.188 0.05518181 1.49329e-06
1747731007.561 70.292 0.05524979 5.76927e-06
1747731007.571 70.396 0.05535407 9.29491e-06
1747731007.581 70.500 0.05543973 1.59660e-05
1747731007.591 70.604 0.05549933 2.68679e-05
1747731007.601 70.707 0.05559617 3.67485e-05
1747731007.611 70.810 0.05567718 5.19437e-05
1747731007.621 70.914 0.05580567 7.03025e-05
1747731007.631 71.017 0.05587551 9.50027e-05
1747731007.641 71.119 0.05595931 1.31101e-04
1747731007.651 71.222 0.05604311 1.91294e-04
1747731007.660 71.325 0.05613902 2.57559e-04
1747731007.670 71.427 0.05622562 2.70702e-04
1747731007.680 71.529 0.05632432 2.56305e-04
1747731007.690 71.632 0.05641743 2.31314e-04
1747731007.700 71.733 0.05649471 1.83865e-04
1747731007.710 71.835 0.05658689 9.44285e-05
1747731007.720 71.937 0.05667908 4.63546e-05
1747731007.730 72.039 0.05676381 1.82514e-05
1747731007.740 72.140 0.05687927 1.07208e-05
1747731007.750 72.241 0.05695283 8.72574e-06
1747731007.760 72.342 0.05705153 7.29362e-06
1747731007.810 72.443 0.05744913 4.04940e-07
1747731007.817 72.544 0.05755528 3.46283e-07
1747731007.823 72.645 0.05766143 4.29535e-07
1747731007.830 72.745 0.05766143 4.14500e-07
1747731007.840 72.846 0.05770984 4.07805e-07
1747731007.850 72.946 0.05776851 4.64002e-07
1747731007.860 73.046 0.05785510 5.25678e-07
1747731007.870 73.146 0.05792121 4.58556e-07
1747731007.880 73.246 0.05798732 4.87727e-07
1747731007.890 73.346 0.05806553 4.88508e-07
1747731007.900 73.445 0.05815679 5.50329e-07
1747731007.910 73.545 0.05822383 5.90701e-07
1747731007.920 73.644 0.05827132 5.11858e-07
1747731007.930 73.743 0.05832812 5.48724e-07
1747731007.940 73.843 0.05837374 5.50611e-07
1747731007.950 73.941 0.05846779 5.85075e-07
1747731007.960 74.040 0.05851341 6.42054e-07
1747731007.970 74.139 0.05855531 5.86576e-07
1747731007.980 74.237 0.05861304 6.55114e-07
1747731007.990 74.336 0.05865867 6.20945e-07
1747731008.000 74.434 0.05872571 6.20465e-07
1747731008.010 74.532 0.05878810 5.89264e-07
1747731008.020 74.630 0.05883931 4.59175e-07
1747731008.030 74.728 0.05889983 5.27853e-07
1747731008.040 74.826 0.05895756 5.35250e-07
1747731008.050 74.924 0.05902460 6.07910e-07
1747731008.060 75.021 0.05908141 6.75997e-07
1747731008.070 75.118 0.05917172 6.32017e-07
1747731008.080 75.216 0.05923877 7.48655e-07
1747731008.090 75.313 0.05932443 8.10873e-07
1747731008.100 75.410 0.05938681 1.05355e-06
1747731008.110 75.507 0.05946224 1.69726e-06
1747731008.120 75.603 0.05953952 4.00048e-06
1747731008.130 75.700 0.05964195 7.89516e-06
1747731008.140 75.797 0.05973226 1.59207e-05
1747731008.150 75.893 0.05983376 3.34070e-05
1747731008.160 75.989 0.05992408 4.67731e-05
1747731008.170 76.085 0.06001906 7.12412e-05
1747731008.180 76.181 0.06008610 1.06651e-04
1747731008.190 76.277 0.06018759 1.51024e-04
1747731008.200 76.373 0.06027605 2.02969e-04
1747731008.210 76.469 0.06033285 2.85260e-04
1747731008.220 76.564 0.06043341 3.44871e-04
1747731008.230 76.660 0.06053304 4.69042e-04
1747731008.240 76.755 0.06065409 6.39992e-04
1747731008.250 76.850 0.06071740 7.56533e-04
1747731008.260 76.945 0.06079376 7.90998e-04
1747731008.270 77.040 0.06088501 7.34985e-04
1747731008.280 77.135 0.06095299 6.60876e-04
1747731008.290 77.230 0.06103213 5.38726e-04
1747731008.300 77.324 0.06111128 3.50732e-04
1747731008.310 77.419 0.06120160 1.80094e-04
1747731008.363 77.513 0.06162247 4.28099e-06
1747731008.370 77.607 0.06162247 5.00776e-06
1747731008.381 77.702 0.06170999 5.95231e-06
1747731008.390 77.796 0.06179473 7.70328e-06
1747731008.400 77.889 0.06188226 9.53295e-06
1747731008.410 77.983 0.06195675 1.17475e-05
1747731008.421 78.077 0.06201354 1.53453e-05
1747731008.431 78.171 0.06205172 1.93654e-05
1747731008.440 78.264 0.06210759 2.34775e-05
1747731008.451 78.357 0.06220257 2.51429e-05
1747731008.460 78.451 0.06226960 2.52757e-05
1747731008.470 78.544 0.06228823 2.42359e-05
1747731008.480 78.637 0.06235341 2.31801e-05
1747731008.490 78.730 0.06240555 2.13712e-05
1747731008.513 78.822 0.06255919 1.31162e-05
1747731008.520 78.915 0.06255919 1.09138e-05
1747731008.530 79.008 0.06262530 8.74899e-06
1747731008.540 79.100 0.06266068 5.74620e-06
1747731008.550 79.192 0.06271003 3.95466e-06
1747731008.560 79.285 0.06277335 3.03403e-06
1747731008.570 79.377 0.06280873 2.42937e-06
1747731008.580 79.469 0.06285436 2.14430e-06
1747731008.592 79.561 0.06296144 1.52176e-06
1747731008.600 79.653 0.06296144 1.28709e-06
1747731008.610 79.744 0.06300613 1.22065e-06
1747731008.620 79.836 0.06308435 1.00082e-06
1747731008.630 79.928 0.06313928 9.32029e-07
1747731008.640 80.019 0.06321936 7.83870e-07
1747731008.668 80.110 0.06341956 7.62767e-07
1747731008.674 80.201 0.06346239 8.46233e-07
1747731008.680 80.293 0.06346239 8.54258e-07
1747731008.690 80.384 0.06354526 9.02556e-07
1747731008.700 80.474 0.06360672 1.05304e-06
1747731008.710 80.565 0.06368959 1.23946e-06
1747731008.720 80.656 0.06378270 1.35060e-06
1747731008.730 80.746 0.06385626 1.72672e-06
1747731008.740 80.837 0.06394193 1.98498e-06
1747731008.750 80.927 0.06400245 2.45706e-06
1747731008.760 81.018 0.06410487 2.96707e-06
1747731008.770 81.108 0.06418309 3.69721e-06
1747731008.780 81.198 0.06426224 4.73616e-06
1747731008.790 81.288 0.06431903 5.42324e-06
1747731008.800 81.378 0.06438608 5.69748e-06
1747731008.810 81.468 0.06445591 5.43730e-06
1747731008.820 81.557 0.06455275 4.98304e-06
1747731008.830 81.647 0.06463562 4.62335e-06
1747731008.840 81.736 0.06471756 3.87854e-06
1747731008.850 81.826 0.06477808 3.14350e-06
1747731008.860 81.915 0.06484326 2.24213e-06
1747731008.892 82.004 0.06514122 1.30798e-06
1747731008.902 82.093 0.06519989 1.26818e-06
1747731008.910 82.182 0.06519989 1.40093e-06
1747731008.920 82.271 0.06526041 1.62129e-06
1747731008.930 82.360 0.06532931 2.52412e-06
1747731008.940 82.449 0.06537680 3.42413e-06
1747731008.950 82.537 0.06544198 6.53791e-06
1747731008.960 82.626 0.06549692 1.04542e-05
1747731008.970 82.714 0.06558352 1.55175e-05
1747731008.981 82.803 0.06571015 2.83601e-05
1747731008.990 82.891 0.06571015 3.78968e-05
1747731009.000 82.979 0.06577812 5.20871e-05
1747731009.010 83.067 0.06583678 7.55473e-05
1747731009.020 83.155 0.06591686 1.03061e-04
1747731009.030 83.243 0.06597273 1.38065e-04
1747731009.040 83.331 0.06601743 1.78082e-04
1747731009.050 83.418 0.06612171 2.35101e-04
1747731009.060 83.506 0.06612171 2.72702e-04
1747731009.070 83.593 0.06619527 3.38366e-04
1747731009.080 83.681 0.06625579 4.26957e-04
1747731009.090 83.768 0.06631818 5.16989e-04
1747731009.100 83.855 0.06639267 5.92918e-04
1747731009.110 83.942 0.06646530 6.41737e-04
1747731009.120 84.029 0.06650720 6.55471e-04
1747731009.130 84.116 0.06654165 6.43926e-04
1747731009.140 84.203 0.06660869 6.14099e-04
1747731009.150 84.290 0.06665711 5.69546e-04
1747731009.160 84.377 0.06675395 5.09553e-04
1747731009.170 84.463 0.06683496 4.18380e-04
1747731009.180 84.550 0.06688338 3.17432e-04
1747731009.190 84.636 0.06692621 2.30088e-04
1747731009.200 84.723 0.06699791 1.16964e-04
1747731009.210 84.809 0.06708636 6.79247e-05
1747731009.220 84.895 0.06715155 3.18817e-05
1747731009.230 84.981 0.06722324 1.27494e-05
1747731009.240 85.067 0.06730332 5.75179e-06
1747731009.250 85.153 0.06737967 2.51345e-06
1747731009.260 85.239 0.06745323 1.70087e-06
1747731009.270 85.324 0.06752214 1.43256e-06
1747731009.280 85.410 0.06762177 1.42233e-06
1747731009.290 85.496 0.06771116 1.38085e-06
1747731009.300 85.581 0.06778937 1.48741e-06
1747731009.310 85.666 0.06785455 1.58548e-06
1747731009.320 85.752 0.06791042 1.60928e-06
1747731009.330 85.837 0.06799608 1.72874e-06
1747731009.340 85.922 0.06807709 1.71500e-06
1747731009.350 86.007 0.06815065 1.80491e-06
1747731009.360 86.092 0.06821955 1.87454e-06
1747731009.370 86.177 0.06831081 2.04640e-06
1747731009.380 86.262 0.06836947 2.45807e-06
1747731009.390 86.346 0.06844769 2.63222e-06
1747731009.400 86.431 0.06850634 3.14760e-06
1747731009.451 86.515 0.06893932 3.97177e-06
1747731009.460 86.600 0.06893932 4.77657e-06
1747731009.472 86.684 0.06904920 5.47366e-06
1747731009.480 86.769 0.06904920 5.77284e-06
1747731009.490 86.853 0.06912555 6.06667e-06
1747731009.500 86.937 0.06919166 6.82468e-06
1747731009.510 87.021 0.06924939 8.15122e-06
1747731009.520 87.105 0.06929408 1.03186e-05
1747731009.530 87.189 0.06935088 1.28907e-05
1747731009.540 87.273 0.06941699 1.48514e-05
1747731009.550 87.356 0.06946635 1.73304e-05
1747731009.560 87.440 0.06952873 2.03984e-05
1747731009.570 87.524 0.06957808 2.27069e-05
1747731009.580 87.607 0.06962557 2.32641e-05
1747731009.590 87.690 0.06966002 2.32085e-05
1747731009.600 87.774 0.06973358 2.27206e-05
1747731009.610 87.857 0.06978014 2.17118e-05
1747731009.619 87.940 0.06982949 2.02790e-05
1747731009.629 88.023 0.06987790 1.82452e-05
1747731009.639 88.106 0.06990770 1.69748e-05
1747731009.650 88.189 0.06995891 1.55273e-05
1747731009.659 88.272 0.06997474 1.43263e-05
1747731009.669 88.355 0.07002689 1.24324e-05
1747731009.679 88.438 0.07009858 1.03233e-05
1747731009.689 88.520 0.07013397 7.77564e-06
1747731009.699 88.603 0.07017121 5.53611e-06
1747731009.709 88.685 0.07024012 4.01389e-06
1747731009.719 88.768 0.07030064 3.05366e-06
1747731009.729 88.850 0.07034347 2.55523e-06
1747731009.739 88.932 0.07043473 2.29904e-06
1747731009.749 89.014 0.07051480 2.33586e-06
1747731009.759 89.096 0.07056415 2.47741e-06
1747731009.769 89.178 0.07061350 2.58665e-06
1747731009.779 89.260 0.07067216 2.80814e-06
1747731009.789 89.342 0.07073641 2.86632e-06
1747731009.799 89.424 0.07082766 2.97188e-06
1747731009.809 89.506 0.07090495 3.15460e-06
1747731009.819 89.587 0.07095150 3.38426e-06
1747731009.829 89.669 0.07103251 3.58841e-06
1747731009.839 89.750 0.07112376 3.42802e-06
1747731009.849 89.832 0.07118801 3.18712e-06
1747731009.859 89.913 0.07131185 2.69213e-06
1747731009.869 89.994 0.07137703 2.31649e-06
1747731009.879 90.076 0.07144780 2.16604e-06
1747731009.889 90.157 0.07150832 1.77431e-06
1747731009.899 90.238 0.07159771 1.53021e-06
1747731009.909 90.319 0.07167686 1.02338e-06
1747731009.919 90.400 0.07174948 5.34636e-07
1747731009.929 90.480 0.07180163 4.50035e-07
1747731009.939 90.561 0.07186122 3.24138e-07
1747731009.949 90.642 0.07192640 3.04715e-07
1747731009.959 90.722 0.07198506 2.38310e-07
1747731010.005 90.803 0.07232586 2.04443e-07
1747731010.014 90.883 0.07239104 3.39857e-07
1747731010.020 90.964 0.07244504 4.01437e-07
1747731010.029 91.044 0.07244504 4.82659e-07
1747731010.039 91.124 0.07249998 5.54885e-07
1747731010.049 91.205 0.07259589 6.64224e-07
1747731010.059 91.285 0.07265921 7.22581e-07
1747731010.069 91.365 0.07268248 7.87831e-07
1747731010.079 91.445 0.07274673 1.00558e-06
1747731010.089 91.525 0.07281005 1.11268e-06
1747731010.099 91.604 0.07286219 1.27578e-06
1747731010.109 91.684 0.07291713 1.45719e-06
1747731010.119 91.764 0.07297765 1.58601e-06
1747731010.129 91.844 0.07302421 1.92608e-06
1747731010.139 91.923 0.07306425 2.32286e-06
1747731010.149 92.003 0.07312012 2.55148e-06
1747731010.159 92.082 0.07314991 3.03345e-06
1747731010.169 92.161 0.07319461 3.57774e-06
1747731010.179 92.241 0.07325513 4.72737e-06
1747731010.189 92.320 0.07330821 6.67335e-06
1747731010.199 92.399 0.07333986 1.00514e-05
1747731010.209 92.478 0.07338176 1.38147e-05
1747731010.219 92.557 0.07343205 2.03319e-05
1747731010.229 92.636 0.07350840 2.98397e-05
1747731010.239 92.715 0.07354844 3.70043e-05
1747731010.249 92.794 0.07359685 4.81305e-05
1747731010.259 92.873 0.07366483 6.23042e-05
1747731010.269 92.951 0.07370394 8.35785e-05
1747731010.279 93.030 0.07379984 1.04629e-04
1747731010.289 93.108 0.07385478 1.28368e-04
1747731010.299 93.187 0.07390506 1.58587e-04
1747731010.309 93.265 0.07399538 1.95841e-04
1747731010.319 93.344 0.07403449 2.51954e-04
1747731010.329 93.422 0.07407639 2.94053e-04
1747731010.339 93.500 0.07415367 3.38161e-04
1747731010.349 93.578 0.07422351 3.80154e-04
1747731010.359 93.656 0.07428403 4.03486e-04
1747731010.369 93.734 0.07436225 4.43547e-04
1747731010.379 93.812 0.07443767 4.91089e-04
1747731010.389 93.890 0.07452147 5.46228e-04
1747731010.399 93.968 0.07458758 5.86450e-04
1747731010.409 94.046 0.07466859 5.91727e-04
1747731010.419 94.123 0.07472632 5.66584e-04
1747731010.429 94.201 0.07477474 5.26695e-04
1747731010.439 94.279 0.07485110 4.79870e-04
1747731010.449 94.356 0.07495258 4.45837e-04
1747731010.459 94.434 0.07502708 4.13381e-04
1747731010.469 94.511 0.07508295 3.69147e-04
1747731010.479 94.588 0.07512857 3.15709e-04
1747731010.489 94.666 0.07517513 2.52095e-04
1747731010.499 94.743 0.07522820 1.83008e-04
1747731010.509 94.820 0.07529711 1.19683e-04
1747731010.556 94.897 0.07563977 3.67782e-05
1747731010.563 94.974 0.07569842 1.96392e-05
1747731010.571 95.051 0.07575057 1.66471e-05
1747731010.579 95.128 0.07575057 1.45593e-05
1747731010.589 95.205 0.07582133 1.25143e-05
1747731010.599 95.281 0.07587814 1.02831e-05
1747731010.609 95.358 0.07592190 8.47544e-06
1747731010.619 95.435 0.07596939 7.20869e-06
1747731010.629 95.511 0.07603177 6.31928e-06
1747731010.639 95.588 0.07607647 5.51156e-06
1747731010.649 95.664 0.07613792 5.10092e-06
1747731010.659 95.741 0.07619007 4.52495e-06
1747731010.669 95.817 0.07625710 4.01591e-06
1747731010.679 95.893 0.07631111 3.77164e-06
1747731010.689 95.969 0.07635581 3.40214e-06
1747731010.699 96.045 0.07638654 3.13953e-06
1747731010.709 96.122 0.07642750 2.95382e-06
1747731010.719 96.198 0.07645544 2.67457e-06
1747731010.729 96.274 0.07652062 2.58025e-06
1747731010.739 96.349 0.07656810 2.31960e-06
1747731010.749 96.425 0.07662398 2.21189e-06
1747731010.759 96.501 0.07668543 2.06036e-06
1747731010.769 96.577 0.07671336 1.89770e-06
1747731010.779 96.652 0.07675061 1.89582e-06
1747731010.789 96.728 0.07680927 1.75822e-06
1747731010.799 96.804 0.07688283 1.71922e-06
1747731010.809 96.879 0.07692845 1.61001e-06
1747731010.819 96.954 0.07698339 1.50108e-06
1747731010.829 97.030 0.07704019 1.48959e-06
1747731010.839 97.105 0.07709420 1.36256e-06
1747731010.849 97.180 0.07714168 1.32031e-06
1747731010.859 97.256 0.07719104 1.21399e-06
1747731010.869 97.331 0.07725994 1.11632e-06
1747731010.879 97.406 0.07732605 1.15526e-06
1747731010.889 97.481 0.07739961 1.07946e-06
1747731010.899 97.556 0.07749179 1.06938e-06
1747731010.909 97.631 0.07754580 9.99571e-07
1747731010.919 97.706 0.07761098 9.15977e-07
1747731010.929 97.780 0.07768547 9.47273e-07
1747731010.939 97.855 0.07773668 8.55332e-07
1747731010.949 97.930 0.07780186 8.44179e-07
1747731010.959 98.004 0.07787169 7.97557e-07
1747731010.969 98.079 0.07795922 7.66540e-07
1747731010.979 98.153 0.07800112 8.19716e-07
1747731010.989 98.228 0.07808865 7.77910e-07
1747731010.999 98.302 0.07813706 7.96314e-07
1747731011.009 98.377 0.07818362 7.91190e-07
1747731011.019 98.451 0.07827115 7.56761e-07
1747731011.029 98.525 0.07831864 8.74877e-07
1747731011.039 98.599 0.07837451 8.47093e-07
1747731011.049 98.673 0.07844806 9.34122e-07
1747731011.059 98.747 0.07852349 9.68878e-07
1747731011.105 98.821 0.07879072 1.13828e-06
1747731011.112 98.895 0.07884473 1.17758e-06
1747731011.119 98.969 0.07884473 1.16221e-06
1747731011.129 99.043 0.07890246 1.20001e-06
1747731011.139 99.117 0.07897974 1.17068e-06
1747731011.149 99.191 0.07906727 1.20910e-06
1747731011.159 99.264 0.07910265 1.21616e-06
1747731011.169 99.338 0.07911941 1.25566e-06
1747731011.179 99.411 0.07917342 1.47990e-06
1747731011.189 99.485 0.07922184 1.63057e-06
1747731011.199 99.558 0.07929540 1.87429e-06
1747731011.208 99.632 0.07934754 2.27409e-06
1747731011.219 99.705 0.07942203 2.36225e-06
1747731011.229 99.778 0.07945369 2.79118e-06
1747731011.238 99.852 0.07947883 3.11886e-06
1747731011.248 99.925 0.07955611 3.65841e-06
1747731011.258 99.998 0.07960826 4.09789e-06
1747731011.268 100.071 0.07964923 4.58724e-06
1747731011.278 100.144 0.07969486 5.23463e-06
1747731011.288 100.217 0.07971348 5.82178e-06
1747731011.298 100.290 0.07974979 6.49398e-06
1747731011.308 100.363 0.07979914 7.32190e-06
1747731011.318 100.436 0.07986153 8.13228e-06
1747731011.328 100.508 0.07987084 9.19153e-06
1747731011.338 100.581 0.07991647 1.01457e-05
1747731011.348 100.654 0.07999282 1.12541e-05
1747731011.358 100.726 0.08003379 1.18116e-05
1747731011.368 100.799 0.08008965 1.23606e-05
1747731011.378 100.871 0.08015763 1.28260e-05
1747731011.388 100.944 0.08022374 1.30620e-05
1747731011.398 101.016 0.08025819 1.32942e-05
1747731011.408 101.089 0.08031592 1.34931e-05
1747731011.418 101.161 0.08036434 1.36560e-05
1747731011.428 101.233 0.08042673 1.36883e-05
1747731011.438 101.305 0.08051239 1.36905e-05
1747731011.448 101.377 0.08057943 1.35243e-05
1747731011.458 101.450 0.08062506 1.33003e-05
1747731011.468 101.522 0.08068745 1.30913e-05
1747731011.478 101.594 0.08074610 1.29789e-05
1747731011.488 101.665 0.08080384 1.31630e-05
1747731011.498 101.737 0.08088298 1.33302e-05
1747731011.508 101.809 0.08095747 1.31999e-05
1747731011.518 101.881 0.08101614 1.30837e-05
1747731011.528 101.953 0.08108131 1.27250e-05
1747731011.538 102.024 0.08115860 1.23281e-05
1747731011.548 102.096 0.08119398 1.17011e-05
1747731011.558 102.168 0.08128151 1.11147e-05
1747731011.568 102.239 0.08133272 1.02504e-05
1747731011.578 102.311 0.08139511 9.44468e-06
1747731011.588 102.382 0.08146029 8.39425e-06
1747731011.598 102.453 0.08151429 7.31345e-06
1747731011.608 102.525 0.08157202 6.08100e-06
1747731011.659 102.596 0.08192120 2.69938e-06
1747731011.668 102.667 0.08192120 1.57131e-06
1747731011.678 102.738 0.08196589 1.39992e-06
1747731011.688 102.809 0.08202269 1.19019e-06
1747731011.698 102.881 0.08207949 1.07544e-06
1747731011.708 102.952 0.08212884 9.18862e-07
1747731011.718 103.023 0.08219122 7.83098e-07
1747731011.728 103.094 0.08221357 7.96362e-07
1747731011.738 103.164 0.08225734 6.79389e-07
1747731011.748 103.235 0.08234486 6.83499e-07
1747731011.758 103.306 0.08236349 6.30506e-07
1747731011.768 103.377 0.08240352 5.76861e-07
1747731011.778 103.447 0.08246777 6.50644e-07
1747731011.788 103.518 0.08249198 5.89483e-07
1747731011.798 103.589 0.08254040 6.09343e-07
1747731011.808 103.659 0.08258323 5.93783e-07
1747731011.818 103.730 0.08262513 5.60674e-07
1747731011.828 103.800 0.08267449 6.49100e-07
1747731011.838 103.871 0.08272197 5.94200e-07
1747731011.848 103.941 0.08274618 6.10853e-07
1747731011.858 104.011 0.08275922 5.88412e-07
1747731011.868 104.081 0.08279274 5.79129e-07
1747731011.878 104.152 0.08286537 6.33392e-07
1747731011.888 104.222 0.08290913 5.62165e-07
1747731011.898 104.292 0.08294265 5.69992e-07
1747731011.908 104.362 0.08298548 5.36853e-07
1747731011.918 104.432 0.08306649 4.96685e-07
1747731011.928 104.502 0.08309256 5.53099e-07
1747731011.938 104.572 0.08314191 4.73646e-07
1747731011.948 104.642 0.08319219 4.64778e-07
1747731011.958 104.712 0.08324713 4.34546e-07
1747731011.968 104.781 0.08329927 4.19630e-07
1747731011.978 104.851 0.08335794 4.73754e-07
1747731011.988 104.921 0.08340915 4.18684e-07
1747731011.998 104.991 0.08349016 4.38013e-07
1747731012.008 105.060 0.08355348 4.27551e-07
1747731012.018 105.130 0.08361400 4.27599e-07
1747731012.028 105.199 0.08367452 5.03471e-07
1747731012.038 105.269 0.08371735 4.57035e-07
1747731012.048 105.338 0.08377974 4.75194e-07
1747731012.058 105.407 0.08384585 4.61951e-07
1747731012.068 105.477 0.08391010 4.55307e-07
1747731012.078 105.546 0.08399111 5.18647e-07
1747731012.088 105.615 0.08403767 4.45983e-07
1747731012.098 105.685 0.08410563 4.50912e-07
1747731012.108 105.754 0.08418851 4.21643e-07
1747731012.118 105.823 0.08423414 4.12670e-07
1747731012.128 105.892 0.08426114 4.99838e-07
1747731012.138 105.961 0.08434308 5.03191e-07
1747731012.148 106.030 0.08440732 6.49053e-07
1747731012.158 106.099 0.08448275 1.08121e-06
1747731012.213 106.168 0.08479654 2.73175e-05
1747731012.220 106.236 0.08486544 3.15573e-05
1747731012.228 106.305 0.08486544 3.69581e-05
1747731012.238 106.374 0.08492317 4.44821e-05
1747731012.248 106.443 0.08498276 5.57346e-05
1747731012.258 106.511 0.08501722 6.56123e-05
1747731012.268 106.580 0.08507402 8.11539e-05
1747731012.278 106.648 0.08510940 9.66651e-05
1747731012.288 106.717 0.08517923 1.12433e-04
1747731012.298 106.785 0.08522486 1.27944e-04
1747731012.308 106.854 0.08527142 1.44717e-04
1747731012.318 106.922 0.08531705 1.64286e-04
1747731012.328 106.991 0.08535708 1.81914e-04
1747731012.338 107.059 0.08539060 1.97149e-04
1747731012.349 107.127 0.08543530 2.16611e-04
1747731012.358 107.195 0.08543530 2.27058e-04
1747731012.368 107.264 0.08548372 2.38965e-04
1747731012.378 107.332 0.08550141 2.48628e-04
1747731012.388 107.400 0.08553586 2.56113e-04
1747731012.398 107.468 0.08561221 2.66426e-04
1747731012.408 107.536 0.08564014 2.72801e-04
1747731012.418 107.604 0.08569322 2.75772e-04
1747731012.428 107.672 0.08574257 2.80879e-04
1747731012.438 107.740 0.08575282 2.80506e-04
1747731012.448 107.807 0.08580961 2.80175e-04
1747731012.458 107.875 0.08586548 2.79717e-04
1747731012.468 107.943 0.08589062 2.76515e-04
1747731012.478 108.011 0.08594742 2.67982e-04
1747731012.488 108.078 0.08598467 2.59728e-04
1747731012.498 108.146 0.08606474 2.51320e-04
1747731012.508 108.214 0.08610758 2.41683e-04
1747731012.518 108.281 0.08613272 2.31145e-04
1747731012.528 108.349 0.08619138 2.20183e-04
1747731012.538 108.416 0.08625190 2.12714e-04
1747731012.548 108.483 0.08631801 2.03824e-04
1747731012.558 108.551 0.08637016 2.03262e-04
1747731012.568 108.618 0.08645582 1.97774e-04
1747731012.578 108.685 0.08653962 1.97061e-04
1747731012.588 108.753 0.08656383 2.00394e-04
1747731012.598 108.820 0.08661877 2.02704e-04
1747731012.608 108.887 0.08667929 2.08994e-04
1747731012.618 108.954 0.08675844 2.11182e-04
1747731012.628 109.021 0.08679568 2.13580e-04
1747731012.638 109.088 0.08685994 2.10693e-04
1747731012.648 109.155 0.08694001 2.07236e-04
1747731012.658 109.222 0.08700798 2.03070e-04
1747731012.668 109.289 0.08704430 1.97334e-04
1747731012.678 109.356 0.08711786 1.86304e-04
1747731012.688 109.423 0.08718210 1.80202e-04
1747731012.698 109.489 0.08722680 1.71863e-04
1747731012.708 109.556 0.08727801 1.60124e-04
1747731012.718 109.623 0.08733388 1.50074e-04
1747731012.768 109.690 0.08768306 1.03126e-04
1747731012.778 109.756 0.08768306 6.19492e-05
1747731012.788 109.823 0.08769609 5.07727e-05
1747731012.798 109.889 0.08774358 4.17833e-05
1747731012.808 109.956 0.08778362 3.49422e-05
1747731012.818 110.022 0.08784508 2.95511e-05
1747731012.828 110.089 0.08790839 2.50385e-05
1747731012.838 110.155 0.08799685 2.10405e-05
1747731012.848 110.221 0.08802385 1.72824e-05
1747731012.858 110.288 0.08804899 1.60264e-05
1747731012.868 110.354 0.08810393 1.37221e-05
1747731012.878 110.420 0.08811417 1.17657e-05
1747731012.888 110.486 0.08815886 1.02253e-05
1747731012.898 110.553 0.08819984 8.99893e-06
1747731012.908 110.619 0.08825291 7.88951e-06
1747731012.918 110.685 0.08830226 7.03896e-06
1747731012.928 110.751 0.08833485 6.41454e-06
1747731012.938 110.817 0.08836278 5.63868e-06
1747731012.948 110.883 0.08840469 4.78075e-06
1747731012.958 110.949 0.08845962 4.59998e-06
1747731012.968 111.014 0.08844659 4.38441e-06
1747731012.978 111.080 0.08849314 3.95525e-06
1747731012.988 111.146 0.08854436 1.86390e-06
1747731012.997 111.212 0.08856112 2.02134e-06
1747731013.007 111.278 0.08859370 2.26626e-06
1747731013.017 111.343 0.08865889 2.26209e-06
1747731013.027 111.409 0.08872127 2.29396e-06
1747731013.037 111.474 0.08876783 2.05711e-06
1747731013.047 111.540 0.08880321 2.13894e-06
1747731013.057 111.606 0.08885815 2.00077e-06
1747731013.067 111.671 0.08890563 1.91087e-06
1747731013.077 111.736 0.08895126 1.76262e-06
1747731013.087 111.802 0.08902203 1.45970e-06
1747731013.097 111.867 0.08906765 1.42686e-06
1747731013.107 111.933 0.08911980 1.47885e-06
1747731013.117 111.998 0.08916169 1.23295e-06
1747731013.127 112.063 0.08921012 1.29935e-06
1747731013.137 112.128 0.08927809 1.18696e-06
1747731013.147 112.193 0.08933861 1.17828e-06
1747731013.157 112.259 0.08942521 1.15291e-06
1747731013.167 112.324 0.08946059 1.11189e-06
1747731013.177 112.389 0.08952484 1.13432e-06
1747731013.187 112.454 0.08961702 9.90288e-07
1747731013.197 112.519 0.08968779 1.00006e-06
1747731013.207 112.584 0.08971851 9.68926e-07
1747731013.217 112.649 0.08976600 9.46414e-07
1747731013.227 112.714 0.08981628 9.77038e-07
1747731013.237 112.778 0.08989636 9.13174e-07
1747731013.247 112.843 0.08995968 9.20753e-07
1747731013.257 112.908 0.08999879 8.54707e-07
1747731013.267 112.973 0.09005838 8.79905e-07
1747731013.297 113.037 0.09025112 9.86989e-07
1747731013.323 113.102 0.09037589 1.01732e-06
1747731013.330 113.167 0.09041314 9.93987e-07
1747731013.337 113.231 0.09041314 9.88473e-07
1747731013.347 113.296 0.09045970 1.01742e-06
1747731013.357 113.360 0.09050626 1.01990e-06
1747731013.367 113.425 0.09056305 1.07301e-06
1747731013.377 113.489 0.09058540 1.13318e-06
1747731013.387 113.554 0.09063941 1.06971e-06
1747731013.397 113.618 0.09070458 1.10671e-06
1747731013.407 113.682 0.09073532 1.09231e-06
1747731013.417 113.746 0.09077908 1.10442e-06
1747731013.427 113.811 0.09084519 1.16470e-06
1747731013.437 113.875 0.09090943 1.07606e-06
1747731013.447 113.939 0.09094855 1.10136e-06
1747731013.457 114.003 0.09094296 1.08311e-06
1747731013.467 114.067 0.09098113 1.09832e-06
1747731013.477 114.131 0.09102955 1.14718e-06
1747731013.487 114.195 0.09108915 1.02906e-06
1747731013.497 114.259 0.09111894 1.04151e-06
1747731013.507 114.323 0.09115898 1.00461e-06
1747731013.517 114.387 0.09118226 1.01283e-06
1747731013.527 114.451 0.09124744 1.09238e-06
1747731013.537 114.515 0.09126140 9.62382e-07
1747731013.547 114.579 0.09129772 9.63956e-07
1747731013.557 114.643 0.09135917 9.30278e-07
1747731013.567 114.706 0.09142342 9.11429e-07
1747731013.577 114.770 0.09145136 9.44172e-07
1747731013.587 114.834 0.09149512 8.21817e-07
1747731013.597 114.897 0.09154912 8.26271e-07
1747731013.607 114.961 0.09160127 7.74010e-07
1747731013.617 115.025 0.09166645 7.56263e-07
1747731013.627 115.088 0.09170555 7.92923e-07
1747731013.637 115.152 0.09176422 6.71827e-07
1747731013.647 115.215 0.09181263 6.74628e-07
1747731013.657 115.279 0.09183871 6.30254e-07
1747731013.667 115.342 0.09190109 6.35306e-07
1747731013.677 115.405 0.09196814 6.61593e-07
1747731013.687 115.469 0.09199979 5.51283e-07
1747731013.697 115.532 0.09206311 5.65604e-07
1747731013.707 115.595 0.09210874 5.33564e-07
1747731013.717 115.658 0.09218509 5.58554e-07
1747731013.727 115.722 0.09223816 6.00842e-07
1747731013.737 115.785 0.09228845 5.09679e-07
1747731013.747 115.848 0.09235828 5.44643e-07
1747731013.757 115.911 0.09239646 5.36128e-07
1747731013.767 115.974 0.09245232 5.75601e-07
1747731013.777 116.037 0.09250447 6.21570e-07
1747731013.787 116.100 0.09257151 5.30340e-07
1747731013.797 116.163 0.09263204 5.52308e-07
1747731013.807 116.226 0.09268138 5.21614e-07
1747731013.817 116.289 0.09273725 5.39458e-07
1747731013.847 116.352 0.09289368 5.61171e-07
1747731013.860 116.414 0.09300356 4.75363e-07
1747731013.867 116.477 0.09300356 4.13622e-07
1747731013.877 116.540 0.09305105 5.05953e-07
1747731013.887 116.603 0.09307619 3.95100e-07
1747731013.897 116.665 0.09314602 4.01656e-07
1747731013.907 116.728 0.09316651 3.65828e-07
1747731013.917 116.791 0.09321492 3.68840e-07
1747731013.927 116.853 0.09326893 3.92182e-07
1747731013.937 116.916 0.09331921 2.94623e-07
1747731013.947 116.978 0.09337043 2.84359e-07
1747731013.957 117.041 0.09341884 2.44596e-07
1747731013.967 117.103 0.09346167 2.52478e-07
1747731013.977 117.166 0.09350544 2.73798e-07
1747731013.987 117.228 0.09352313 1.86556e-07
1747731013.997 117.290 0.09356782 2.00670e-07
1747731014.007 117.353 0.09361345 1.96350e-07
1747731014.017 117.415 0.09364976 1.94256e-07
1747731014.027 117.477 0.09369819 2.08918e-07
1747731014.037 117.539 0.09372984 1.33715e-07
1747731014.047 117.601 0.09378850 1.76900e-07
1747731014.057 117.664 0.09382482 1.56235e-07
1747731014.067 117.726 0.09386299 1.78805e-07
1747731014.077 117.788 0.09391420 1.93091e-07
1747731014.087 117.850 0.09395983 1.07456e-07
1747731014.097 117.912 0.09400546 1.51521e-07
1747731014.107 117.974 0.09404829 1.33681e-07
1747731014.117 118.036 0.09409857 1.53070e-07
1747731014.127 118.098 0.09416189 1.77603e-07
1747731014.137 118.160 0.09419727 9.26874e-08
1747731014.147 118.221 0.09424569 1.44187e-07
1747731014.157 118.283 0.09428945 1.24179e-07
1747731014.167 118.345 0.09430901 1.48103e-07
1747731014.177 118.407 0.09440026 1.61948e-07
1747731014.187 118.468 0.09445612 8.05318e-08
1747731014.197 118.530 0.09449896 1.35535e-07
1747731014.207 118.592 0.09455483 1.15085e-07
1747731014.217 118.653 0.09462932 1.32086e-07
1747731014.227 118.715 0.09466470 1.47282e-07
1747731014.237 118.777 0.09472523 7.49903e-08
1747731014.247 118.838 0.09476899 1.29456e-07
1747731014.257 118.900 0.09482206 1.10053e-07
1747731014.267 118.961 0.09487141 1.33073e-07
1747731014.277 119.023 0.09492170 1.46565e-07
1747731014.287 119.084 0.09498315 6.84878e-08
1747731014.297 119.145 0.09504181 1.28118e-07
1747731014.307 119.207 0.09505950 1.06514e-07
1747731014.317 119.268 0.09513958 1.26139e-07
1747731014.327 119.329 0.09517403 1.56531e-07
1747731014.337 119.390 0.09523548 6.70481e-08
1747731014.347 119.452 0.09528856 1.30914e-07
1747731014.357 119.513 0.09534816 1.05564e-07
1747731014.409 119.574 0.09563401 1.07796e-07
1747731014.417 119.635 0.09563401 6.94115e-08
1747731014.427 119.696 0.09567405 1.61445e-07
1747731014.437 119.757 0.09573550 7.09504e-08
1747731014.447 119.818 0.09580348 1.30902e-07
1747731014.457 119.879 0.09582769 1.09994e-07
1747731014.467 119.940 0.09587890 1.37615e-07
1747731014.477 120.001 0.09591801 1.50719e-07
1747731014.487 120.062 0.09593849 7.38144e-08
1747731014.497 120.123 0.09597760 1.32259e-07
1747731014.507 120.184 0.09602975 1.07585e-07
1747731014.517 120.245 0.09608002 1.30142e-07
1747731014.527 120.305 0.09613869 1.37714e-07
1747731014.537 120.366 0.09615731 7.16486e-08
1747731014.547 120.427 0.09617686 1.33782e-07
1747731014.557 120.488 0.09620014 1.06429e-07
1747731014.567 120.548 0.09625229 1.33550e-07
1747731014.577 120.609 0.09628581 1.36596e-07
1747731014.587 120.669 0.09631932 7.23932e-08
1747731014.597 120.730 0.09635844 1.38578e-07
1747731014.607 120.791 0.09639568 1.17969e-07
1747731014.617 120.851 0.09644130 1.51099e-07
1747731014.627 120.911 0.09649159 1.82669e-07
1747731014.637 120.972 0.09652231 1.46450e-07
1747731014.647 121.032 0.09654000 2.59969e-07
1747731014.657 121.093 0.09658284 2.79092e-07
1747731014.667 121.153 0.09662660 3.49088e-07
1747731014.677 121.213 0.09666198 4.91476e-07
1747731014.687 121.274 0.09669830 5.00567e-07
1747731014.697 121.334 0.09671692 6.07425e-07
1747731014.707 121.394 0.09676720 7.10138e-07
1747731014.717 121.454 0.09683983 8.10705e-07
1747731014.727 121.515 0.09688545 1.05545e-06
1747731014.737 121.575 0.09694691 1.13675e-06
1747731014.746 121.635 0.09699253 1.32095e-06
1747731014.756 121.695 0.09705306 1.58343e-06
1747731014.766 121.755 0.09709775 1.80129e-06
1747731014.776 121.815 0.09715735 2.06103e-06
1747731014.786 121.875 0.09718062 2.35291e-06
1747731014.796 121.935 0.09724674 2.57648e-06
1747731014.806 121.995 0.09730633 2.88205e-06
1747731014.816 122.055 0.09735382 3.18397e-06
1747731014.826 122.115 0.09740130 3.48718e-06
1747731014.836 122.175 0.09745717 3.77181e-06
1747731014.846 122.234 0.09754097 4.06952e-06
1747731014.856 122.294 0.09757729 4.32448e-06
1747731014.866 122.354 0.09764154 4.59674e-06
1747731014.876 122.414 0.09768251 4.79466e-06
1747731014.886 122.473 0.09773093 5.11000e-06
1747731014.896 122.533 0.09776911 5.35976e-06
1747731014.906 122.593 0.09782497 5.64535e-06
1747731014.916 122.652 0.09787246 5.93878e-06
1747731014.966 122.712 0.09812759 6.60702e-06
1747731014.971 122.771 0.09815925 7.12571e-06
1747731014.978 122.831 0.09819556 7.33116e-06
1747731014.986 122.890 0.09819556 7.38721e-06
1747731014.996 122.950 0.09824212 8.16583e-06
1747731015.006 123.009 0.09833337 8.43031e-06
1747731015.016 123.069 0.09834734 8.13216e-06
1747731015.026 123.128 0.09837713 8.44062e-06
1747731015.036 123.187 0.09844045 8.33936e-06
1747731015.046 123.247 0.09850377 8.38575e-06
1747731015.056 123.306 0.09853822 8.33252e-06
1747731015.066 123.365 0.09856522 8.22665e-06
1747731015.076 123.425 0.09859595 8.11107e-06
1747731015.086 123.484 0.09864250 7.92213e-06
1747731015.096 123.543 0.09867324 7.76838e-06
1747731015.106 123.602 0.09871420 7.47133e-06
1747731015.116 123.661 0.09878404 7.34599e-06
1747731015.126 123.720 0.09881477 7.12191e-06
1747731015.136 123.779 0.09881756 6.90262e-06
1747731015.146 123.839 0.09884363 6.79925e-06
1747731015.156 123.898 0.09886318 6.55534e-06
1747731015.166 123.957 0.09892650 6.20988e-06
1747731015.176 124.015 0.09896282 5.98061e-06
1747731015.186 124.074 0.09900099 6.31118e-06
1747731015.196 124.133 0.09904941 6.08762e-06
1747731015.206 124.192 0.09906896 5.68997e-06
1747731015.216 124.251 0.09911925 5.38953e-06
1747731015.226 124.310 0.09916673 5.33145e-06
1747731015.236 124.369 0.09922447 4.96830e-06
1747731015.246 124.427 0.09926543 4.68386e-06
1747731015.256 124.486 0.09931571 4.43376e-06
1747731015.266 124.545 0.09937345 4.21184e-06
1747731015.276 124.604 0.09942279 4.02370e-06
1747731015.286 124.662 0.09945539 3.77378e-06
1747731015.296 124.721 0.09950474 3.67607e-06
1747731015.306 124.779 0.09955316 3.54253e-06
1747731015.316 124.838 0.09958481 3.51045e-06
1747731015.326 124.897 0.09965838 3.42971e-06
1747731015.336 124.955 0.09968910 3.22648e-06
1747731015.346 125.014 0.09975055 3.16860e-06
1747731015.356 125.072 0.09978780 3.08162e-06
1747731015.366 125.130 0.09988464 3.08085e-06
1747731015.376 125.189 0.09991630 3.04010e-06
1747731015.386 125.247 0.09995075 3.36835e-06
1747731015.396 125.306 0.10002245 3.30667e-06
1747731015.406 125.364 0.10008111 3.23705e-06
1747731015.416 125.422 0.10013977 3.21356e-06
1747731015.426 125.480 0.10019192 3.18283e-06
1747731015.436 125.539 0.10020682 3.08553e-06
1747731015.446 125.597 0.10025710 3.10970e-06
1747731015.456 125.655 0.10032600 3.11748e-06
1747731015.466 125.713 0.10037441 3.14616e-06
1747731015.497 125.771 0.10055133 3.17319e-06
1747731015.520 125.830 0.10065376 3.19016e-06
1747731015.527 125.888 0.10070218 3.17733e-06
1747731015.536 125.946 0.10070218 3.12725e-06
1747731015.546 126.004 0.10071987 3.11542e-06
1747731015.556 126.062 0.10077108 3.05217e-06
1747731015.566 126.120 0.10082043 3.03001e-06
1747731015.576 126.178 0.10086884 2.96483e-06
1747731015.586 126.236 0.10091634 2.82082e-06
1747731015.596 126.293 0.10091913 2.78223e-06
1747731015.606 126.351 0.10098896 2.67526e-06
1747731015.616 126.409 0.10104855 2.61273e-06
1747731015.626 126.467 0.10107276 2.51978e-06
1747731015.636 126.525 0.10109326 2.34246e-06
1747731015.646 126.582 0.10113516 2.23890e-06
1747731015.656 126.640 0.10118171 2.12333e-06
1747731015.666 126.698 0.10120964 2.04833e-06
1747731015.676 126.756 0.10127482 1.91780e-06
1747731015.686 126.813 0.10129158 1.72732e-06
1747731015.696 126.871 0.10133814 1.66327e-06
1747731015.706 126.929 0.10135956 1.53032e-06
1747731015.716 126.986 0.10137539 1.39219e-06
1747731015.726 127.044 0.10142939 1.28277e-06
1747731015.736 127.101 0.10147222 1.09345e-06
1747731015.746 127.159 0.10149457 1.05131e-06
1747731015.756 127.216 0.10154113 9.23816e-07
1747731015.766 127.274 0.10158955 8.86978e-07
1747731015.776 127.331 0.10162679 7.74292e-07
1747731015.786 127.388 0.10165007 6.38424e-07
1747731015.796 127.446 0.10171059 6.40422e-07
1747731015.806 127.503 0.10176740 5.77164e-07
1747731015.816 127.560 0.10181209 5.35873e-07
1747731015.826 127.618 0.10186702 5.09156e-07
1747731015.836 127.675 0.10190241 3.81918e-07
1747731015.846 127.732 0.10194989 4.03787e-07
1747731015.856 127.789 0.10197318 3.65864e-07
1747731015.866 127.847 0.10202066 3.49199e-07
1747731015.876 127.904 0.10207467 3.46511e-07
1747731015.886 127.961 0.10212215 2.59185e-07
1747731015.896 128.018 0.10217243 3.11985e-07
1747731015.906 128.075 0.10223483 2.92028e-07
1747731015.916 128.132 0.10228324 3.09189e-07
1747731015.926 128.189 0.10233352 2.42282e-07
1747731015.936 128.246 0.10239125 1.63234e-07
1747731015.946 128.303 0.10242664 2.38528e-07
1747731015.956 128.360 0.10250020 2.18828e-07
1747731015.966 128.417 0.10258586 2.34616e-07
1747731015.977 128.474 0.10264825 2.27624e-07
1747731015.986 128.531 0.10264825 1.96903e-07
1747731015.996 128.588 0.10268456 2.21673e-07
1747731016.006 128.645 0.10272367 1.86896e-07
1747731016.016 128.701 0.10278140 1.42772e-07
1747731016.046 128.758 0.10291735 1.82065e-07
1747731016.059 128.815 0.10299183 2.57801e-07
1747731016.066 128.872 0.10299183 2.46869e-07
1747731016.076 128.928 0.10302163 4.79762e-07
1747731016.126 128.985 0.10332332 3.38382e-06
1747731016.136 129.042 0.10332332 3.35826e-06
1747731016.146 129.098 0.10337453 4.84599e-06
1747731016.156 129.155 0.10339688 5.74209e-06
1747731016.166 129.212 0.10344064 6.77420e-06
1747731016.176 129.268 0.10345647 7.96278e-06
1747731016.186 129.325 0.10350583 9.49040e-06
1747731016.196 129.381 0.10355331 1.17123e-05
1747731016.206 129.438 0.10358590 1.36056e-05
1747731016.216 129.494 0.10360638 1.48782e-05
1747731016.226 129.551 0.10363804 1.71802e-05
1747731016.236 129.607 0.10366132 1.92729e-05
1747731016.246 129.663 0.10370601 2.36637e-05
1747731016.256 129.720 0.10373023 2.46916e-05
1747731016.266 129.776 0.10373487 2.79130e-05
1747731016.276 129.832 0.10377492 2.93927e-05
1747731016.286 129.889 0.10381589 3.14769e-05
1747731016.296 129.945 0.10386151 3.36698e-05
1747731016.306 130.001 0.10388758 3.57956e-05
1747731016.316 130.058 0.10389783 3.86821e-05
1747731016.326 130.114 0.10390527 4.11350e-05
1747731016.336 130.170 0.10396581 4.40512e-05
1747731016.346 130.226 0.10397325 4.67185e-05
1747731016.356 130.282 0.10401981 5.01614e-05
1747731016.366 130.338 0.10404588 5.31209e-05
1747731016.376 130.394 0.10409523 5.67728e-05
1747731016.386 130.450 0.10416321 6.01496e-05
1747731016.396 130.506 0.10420604 6.41964e-05
1747731016.406 130.562 0.10422187 6.86710e-05
1747731016.416 130.618 0.10427401 7.15778e-05
1747731016.426 130.674 0.10429915 7.58175e-05
1747731016.436 130.730 0.10434849 8.05266e-05
1747731016.446 130.786 0.10439227 8.43956e-05
1747731016.456 130.842 0.10443603 8.73999e-05
1747731016.466 130.898 0.10447606 9.18506e-05
1747731016.476 130.954 0.10452076 9.59812e-05
1747731016.486 131.010 0.10459898 1.00729e-04
1747731016.496 131.065 0.10464460 1.06287e-04
1747731016.506 131.121 0.10469674 1.08535e-04
1747731016.516 131.177 0.10473212 1.13002e-04
1747731016.525 131.233 0.10478520 1.19540e-04
1747731016.535 131.288 0.10483642 1.22881e-04
1747731016.545 131.344 0.10488763 1.29364e-04
1747731016.555 131.400 0.10493418 1.34814e-04
1747731016.602 131.455 0.10519769 1.44075e-04
1747731016.614 131.511 0.10523214 1.49540e-04
1747731016.634 131.566 0.10531129 1.53214e-04
1747731016.641 131.622 0.10536343 1.51118e-04
1747731016.647 131.677 0.10541185 1.49918e-04
1747731016.688 131.733 0.10558691 1.42652e-04
1747731016.696 131.788 0.10558691 1.37619e-04
1747731016.705 131.844 0.10560553 1.34406e-04
1747731016.715 131.899 0.10563067 1.25971e-04
1747731016.725 131.955 0.10568374 1.22042e-04
1747731016.735 132.010 0.10573124 1.17093e-04
1747731016.745 132.065 0.10573124 1.12713e-04
1747731016.755 132.121 0.10573682 1.07678e-04
1747731016.765 132.176 0.10577872 1.03046e-04
1747731016.775 132.231 0.10581597 9.76971e-05
1747731016.785 132.287 0.10584204 9.52822e-05
1747731016.795 132.342 0.10589511 9.12517e-05
1747731016.805 132.397 0.10590442 8.87501e-05
1747731016.815 132.452 0.10593235 8.33161e-05
1747731016.825 132.508 0.10595098 7.88912e-05
1747731016.835 132.563 0.10596961 7.49529e-05
1747731016.845 132.618 0.10597519 7.15776e-05
1747731016.855 132.673 0.10599474 7.59280e-05
1747731016.865 132.728 0.10605340 6.86188e-05
1747731016.875 132.783 0.10607761 6.51231e-05
1747731016.885 132.838 0.10608785 6.09763e-05
1747731016.895 132.893 0.10613441 5.81360e-05
1747731016.905 132.948 0.10615118 5.54951e-05
1747731016.915 133.003 0.10618470 5.29683e-05
1747731016.925 133.058 0.10624056 5.12354e-05
1747731016.935 133.113 0.10629364 4.94198e-05
1747731016.945 133.168 0.10634298 4.72598e-05
1747731016.955 133.223 0.10638582 4.58998e-05
1747731016.965 133.278 0.10642214 4.40530e-05
1747731016.975 133.332 0.10646217 4.24702e-05
1747731016.985 133.387 0.10648638 4.17453e-05
1747731016.995 133.442 0.10654318 4.03814e-05
1747731017.005 133.497 0.10661023 3.97373e-05
1747731017.015 133.552 0.10664188 3.87539e-05
1747731017.025 133.606 0.10667913 3.80467e-05
1747731017.035 133.661 0.10673965 3.78870e-05
1747731017.045 133.716 0.10679924 3.67069e-05
1747731017.055 133.770 0.10687187 3.98571e-05
1747731017.065 133.825 0.10691284 3.80498e-05
1747731017.075 133.880 0.10695474 3.83089e-05
1747731017.085 133.934 0.10700595 3.72057e-05
1747731017.095 133.989 0.10705065 3.74467e-05
1747731017.105 134.043 0.10710000 3.67496e-05
1747731017.137 134.098 0.10726854 3.69658e-05
1747731017.160 134.152 0.10737655 3.95724e-05
1747731017.166 134.207 0.10739237 4.01299e-05
1747731017.175 134.261 0.10739237 3.95855e-05
1747731017.185 134.316 0.10745384 3.96668e-05
1747731017.195 134.370 0.10751622 3.95181e-05
1747731017.205 134.425 0.10755998 3.92722e-05
1747731017.215 134.479 0.10758326 3.97313e-05
1747731017.225 134.533 0.10763540 4.03525e-05
1747731017.235 134.588 0.10771083 3.97221e-05
1747731017.245 134.642 0.10769778 4.06140e-05
1747731017.255 134.696 0.10773317 4.01975e-05
1747731017.265 134.750 0.10779835 3.97941e-05
1747731017.275 134.805 0.10783001 3.97604e-05
1747731017.285 134.859 0.10784211 4.05270e-05
1747731017.295 134.913 0.10789146 3.93955e-05
1747731017.305 134.967 0.10793989 3.88175e-05
1747731017.315 135.021 0.10790915 3.84305e-05
1747731017.325 135.076 0.10793523 3.75982e-05
1747731017.335 135.130 0.10798923 3.04360e-05
1747731017.345 135.184 0.10804417 3.15228e-05
1747731017.355 135.238 0.10806651 3.13934e-05
1747731017.365 135.292 0.10811679 3.08026e-05
1747731017.375 135.346 0.10816243 2.99724e-05
1747731017.385 135.400 0.10817732 2.58907e-05
1747731017.395 135.454 0.10821643 2.64345e-05
1747731017.405 135.508 0.10824436 2.62964e-05
1747731017.415 135.562 0.10827230 2.55140e-05
1747731017.425 135.616 0.10831792 2.48813e-05
1747731017.435 135.670 0.10836542 2.39178e-05
1747731017.445 135.723 0.10839707 2.27687e-05
1747731017.455 135.777 0.10841756 2.20392e-05
1747731017.465 135.831 0.10847528 2.10016e-05
1747731017.475 135.885 0.10852463 1.82629e-05
1747731017.485 135.939 0.10857677 1.78786e-05
1747731017.495 135.992 0.10862148 1.69080e-05
1747731017.505 136.046 0.10866896 1.60772e-05
1747731017.515 136.100 0.10874717 1.51343e-05
1747731017.525 136.154 0.10877512 9.74423e-06
1747731017.535 136.207 0.10880119 1.02543e-05
1747731017.545 136.261 0.10886916 1.03756e-05
1747731017.555 136.315 0.10893247 1.03547e-05
1747731017.565 136.368 0.10895295 1.01294e-05
1747731017.575 136.422 0.10900697 9.84249e-06
1747731017.585 136.475 0.10903769 9.65806e-06
1747731017.595 136.529 0.10909170 9.23731e-06
1747731017.605 136.582 0.10913453 8.92842e-06
1747731017.615 136.636 0.10918015 8.59303e-06
1747731017.625 136.689 0.10924627 8.29035e-06
1747731017.635 136.743 0.10930679 7.94056e-06
1747731017.645 136.796 0.10934962 7.73049e-06
1747731017.655 136.850 0.10936638 7.50956e-06
1747731017.685 136.903 0.10952095 7.18802e-06
1747731017.696 136.957 0.10958054 6.41453e-06
1747731017.705 137.010 0.10958054 6.28302e-06
1747731017.715 137.063 0.10963920 5.40633e-06
1747731017.725 137.117 0.10965782 5.46855e-06
1747731017.735 137.170 0.10969228 5.37547e-06
1747731017.745 137.223 0.10974628 5.30684e-06
1747731017.755 137.276 0.10979749 5.22348e-06
1747731017.765 137.330 0.10983660 4.53021e-06
1747731017.775 137.383 0.10988781 4.62190e-06
1747731017.785 137.436 0.10990458 4.51429e-06
1747731017.795 137.489 0.10995765 4.56991e-06
1747731017.805 137.542 0.11000328 4.49889e-06
1747731017.815 137.596 0.11002283 4.41221e-06
1747731017.825 137.649 0.11003121 4.35249e-06
1747731017.835 137.702 0.11010290 4.20841e-06
1747731017.845 137.755 0.11013550 4.18703e-06
1747731017.855 137.808 0.11014295 4.10872e-06
1747731017.865 137.861 0.11020720 3.75801e-06
1747731017.875 137.914 0.11024630 3.76562e-06
1747731017.885 137.967 0.11025561 3.13871e-06
1747731017.895 138.020 0.11032544 3.31834e-06
1747731017.905 138.073 0.11034966 3.31269e-06
1747731017.915 138.126 0.11038691 3.38181e-06
1747731017.925 138.179 0.11041205 3.32765e-06
1747731017.935 138.232 0.11046605 3.24729e-06
1747731017.945 138.285 0.11049864 3.28489e-06
1747731017.955 138.337 0.11053495 3.19668e-06
1747731017.965 138.390 0.11058896 3.17952e-06
1747731017.975 138.443 0.11063924 2.72735e-06
1747731017.985 138.496 0.11067183 2.69519e-06
1747731017.995 138.549 0.11068952 2.82151e-06
1747731018.005 138.601 0.11072863 2.78861e-06
1747731018.015 138.654 0.11078916 2.78185e-06
1747731018.025 138.707 0.11081616 2.69669e-06
1747731018.035 138.759 0.11086551 2.62944e-06
1747731018.045 138.812 0.11090834 2.65658e-06
1747731018.055 138.865 0.11096141 2.55451e-06
1747731018.065 138.917 0.11101356 2.54827e-06
1747731018.075 138.970 0.11106384 2.46130e-06
1747731018.085 139.023 0.11108619 2.38367e-06
1747731018.095 139.075 0.11113553 2.37387e-06
1747731018.105 139.128 0.11119699 2.29043e-06
