1747735549.400 42.742 0.03516429 2.93772e-08
1747735549.407 42.913 0.03518291 4.73821e-08
1747735549.456 43.083 0.03512518 4.62872e-08
1747735549.463 43.252 0.03514939 5.10000e-09
1747735549.472 43.421 0.03514939 9.13149e-08
1747735549.520 43.589 0.03511308 7.77312e-08
1747735549.527 43.756 0.03513822 1.66060e-09
1747735549.534 43.923 0.03514566 4.63840e-08
1747735549.542 44.089 0.03514566 4.82962e-08
1747735549.552 44.255 0.03518570 2.62196e-08
1747735549.562 44.420 0.03518105 4.70549e-08
1747735549.572 44.584 0.03518850 5.16461e-08
1747735549.582 44.748 0.03525088 -7.96860e-09
1747735549.592 44.911 0.03529372 5.67335e-08
1747735549.602 45.073 0.03531513 2.38297e-08
1747735549.612 45.235 0.03536169 4.70581e-08
1747735549.622 45.396 0.03543152 4.78536e-08
1747735549.632 45.557 0.03545387 -1.38591e-08
1747735549.642 45.717 0.03551253 5.82548e-08
1747735549.690 45.877 0.03593806 4.37797e-08
1747735549.740 46.036 0.03650978 5.22958e-08
1747735549.795 46.195 0.03727144 2.30468e-06
1747735549.802 46.352 0.03739994 2.51903e-06
1747735549.812 46.510 0.03739994 2.24073e-06
1747735549.822 46.667 0.03749212 1.22607e-06
1747735549.832 46.823 0.03756941 4.06855e-07
1747735549.842 46.979 0.03767183 1.43889e-07
1747735549.851 47.134 0.03775843 4.51659e-08
1747735549.862 47.289 0.03783944 5.32630e-08
1747735549.871 47.444 0.03789344 4.14418e-08
1747735549.881 47.597 0.03794186 -1.04581e-08
1747735549.891 47.751 0.03798842 5.37765e-08
1747735549.973 47.904 0.03818489 5.02729e-08
1747735550.041 48.056 0.03845492 5.31657e-08
1747735550.091 48.208 0.03881340 5.23022e-08
1747735550.141 48.359 0.03914302 5.07712e-08
1747735550.148 48.510 0.03917841 2.78736e-08
1747735550.155 48.661 0.03921286 5.69739e-08
1747735550.203 48.811 0.03935346 8.05702e-08
1747735550.212 48.960 0.03935346 1.62513e-08
1747735550.222 49.109 0.03935905 8.16683e-08
1747735550.270 49.258 0.03942516 8.15256e-08
1747735550.277 49.406 0.03941957 -9.28980e-09
1747735550.284 49.554 0.03946240 2.59980e-08
1747735550.291 49.701 0.03946240 4.41720e-08
1747735550.339 49.848 0.03954155 3.89612e-08
1747735550.390 49.994 0.03978551 4.06994e-08
1747735550.440 50.140 0.04008161 4.25384e-08
1747735550.512 50.286 0.04063005 -6.02790e-09
1747735550.522 50.431 0.04063005 7.67052e-08
1747735550.570 50.576 0.04083303 8.24928e-08
1747735550.576 50.720 0.04085073 1.10000e-08
1747735550.582 50.864 0.04088704 2.52541e-08
1747735550.591 51.008 0.04088704 4.60180e-08
1747735550.639 51.151 0.04094291 4.04665e-08
1747735550.646 51.293 0.04096246 5.74000e-11
1747735550.652 51.436 0.04096060 8.05055e-08
1747735550.661 51.578 0.04096060 4.60354e-08
1747735550.671 51.719 0.04097177 2.93685e-08
1747735550.681 51.860 0.04098853 -1.19146e-08
1747735550.691 52.001 0.04102671 6.29942e-08
1747735550.739 52.142 0.04117104 4.17854e-08
1747735550.746 52.282 0.04118593 4.06070e-09
1747735550.752 52.421 0.04123063 8.08602e-08
1747735550.761 52.560 0.04123063 4.56917e-08
1747735550.771 52.699 0.04124553 2.58706e-08
1747735550.781 52.838 0.04133584 -1.15749e-08
1747735550.791 52.976 0.04142337 6.34254e-08
1747735550.839 53.114 0.04183400 4.28923e-08
1747735550.846 53.251 0.04191780 1.18900e-09
1747735550.853 53.388 0.04201557 7.87107e-08
1747735550.861 53.525 0.04201557 1.81788e-08
1747735550.871 53.662 0.04212172 4.48942e-08
1747735550.881 53.798 0.04222508 -9.49860e-09
1747735550.891 53.933 0.04233030 6.57032e-08
1747735550.939 54.069 0.04280611 4.13908e-08
1747735550.946 54.204 0.04290015 -3.83490e-09
1747735550.953 54.338 0.04298861 8.28078e-08
1747735550.961 54.473 0.04298861 3.57898e-08
1747735550.971 54.607 0.04306031 3.23195e-08
1747735550.981 54.741 0.04315621 -1.03180e-08
1747735550.991 54.874 0.04326236 6.86063e-08
1747735551.050 55.007 0.04365996 2.64268e-08
1747735551.057 55.140 0.04376518 4.26242e-08
1747735551.105 55.272 0.04408828 4.60722e-08
1747735551.155 55.404 0.04435644 4.35336e-08
1747735551.205 55.536 0.04462740 4.21068e-08
1747735551.256 55.667 0.04481829 3.94670e-08
1747735551.306 55.799 0.04489650 3.94230e-08
1747735551.312 55.929 0.04492444 2.98120e-09
1747735551.321 56.060 0.04492444 8.13148e-08
1747735551.370 56.190 0.04499800 8.45388e-08
1747735551.376 56.320 0.04501662 3.67164e-08
1747735551.382 56.450 0.04500265 2.12807e-08
1747735551.391 56.579 0.04500265 4.71415e-08
1747735551.439 56.708 0.04509949 4.45607e-08
1747735551.446 56.837 0.04511625 5.95000e-10
1747735551.453 56.966 0.04514139 8.62695e-08
1747735551.461 57.094 0.04514139 2.65815e-08
1747735551.471 57.222 0.04517026 3.94769e-08
1747735551.521 57.349 0.04540118 6.35887e-08
1747735551.527 57.477 0.04545239 -1.70568e-08
1747735551.534 57.604 0.04551850 2.75938e-08
1747735551.541 57.730 0.04551850 4.71338e-08
1747735551.609 57.857 0.04597383 2.37271e-08
1747735551.616 57.983 0.04606228 2.63438e-08
1747735551.623 58.109 0.04613584 3.97026e-08
1747735551.631 58.235 0.04613584 5.11560e-09
1747735551.640 58.360 0.04618706 6.86506e-08
1747735551.690 58.485 0.04655671 4.66709e-08
1747735551.740 58.610 0.04684350 4.81977e-08
1747735551.790 58.735 0.04708746 4.90136e-08
1747735551.840 58.859 0.04728952 4.90130e-08
1747735551.891 58.983 0.04745340 4.72078e-08
1747735551.901 59.107 0.04745340 2.52684e-08
1747735551.911 59.230 0.04744781 4.80075e-08
1747735551.920 59.354 0.04748599 3.64841e-08
1747735551.930 59.477 0.04750647 -1.93870e-09
1747735551.940 59.599 0.04752044 7.72921e-08
1747735551.988 59.722 0.04754279 4.19132e-08
1747735552.038 59.844 0.04766290 4.36202e-08
1747735552.089 59.966 0.04788451 4.24658e-08
1747735552.163 60.088 0.04825138 2.34994e-08
1747735552.171 60.210 0.04825138 9.01768e-08
1747735552.181 60.331 0.04830073 -1.21003e-08
1747735552.191 60.452 0.04834263 6.47958e-08
1747735552.200 60.573 0.04838453 2.78038e-08
1747735552.211 60.693 0.04842829 5.08693e-08
1747735552.221 60.814 0.04845157 6.75898e-08
1747735552.288 60.934 0.04862197 5.89260e-08
1747735552.294 61.054 0.04863128 -1.33130e-08
1747735552.302 61.173 0.04864525 6.36791e-08
1747735552.311 61.293 0.04864525 4.99799e-08
1747735552.320 61.412 0.04868250 3.28441e-08
1747735552.330 61.531 0.04871788 1.24275e-08
1747735552.340 61.649 0.04875699 8.14598e-08
1747735552.406 61.768 0.04906892 5.14446e-08
1747735552.456 61.886 0.04933895 5.34551e-08
1747735552.507 62.004 0.04968905 6.01366e-08
1747735552.557 62.122 0.04995163 5.91922e-08
1747735552.607 62.239 0.05014158 6.07072e-08
1747735552.658 62.357 0.05016579 6.15863e-08
1747735552.664 62.474 0.05017883 4.05652e-08
1747735552.758 62.591 0.05024121 6.81049e-08
1747735552.765 62.707 0.05024866 3.79695e-08
1747735552.773 62.824 0.05026356 6.07313e-08
1747735552.841 62.940 0.05039392 5.92226e-08
1747735552.850 63.056 0.05039392 3.32436e-08
1747735552.860 63.172 0.05043117 5.07661e-08
1747735552.870 63.288 0.05045444 3.31901e-08
1747735552.880 63.403 0.05046562 -8.79960e-09
1747735552.890 63.518 0.05050286 7.24009e-08
1747735552.939 63.633 0.05066860 3.38811e-08
1747735552.946 63.748 0.05071703 4.12780e-09
1747735552.952 63.863 0.05073379 7.77884e-08
1747735552.960 63.977 0.05073379 4.12433e-08
1747735552.970 64.091 0.05076824 2.65504e-08
1747735552.980 64.205 0.05079989 3.19104e-08
1747735552.990 64.319 0.05084925 8.78284e-08
1747735553.038 64.432 0.05106527 5.19967e-08
1747735553.088 64.546 0.05135019 6.07327e-08
1747735553.094 64.659 0.05141631 -1.04454e-08
1747735553.101 64.772 0.05147125 7.37843e-08
1747735553.110 64.885 0.05147125 5.74751e-08
1747735553.120 64.997 0.05153921 5.33935e-08
1747735553.130 65.109 0.05162395 1.77591e-07
1747735553.140 65.222 0.05169472 1.03507e-06
1747735553.150 65.334 0.05173848 2.99926e-06
1747735553.160 65.445 0.05182321 4.45522e-06
1747735553.170 65.557 0.05189025 8.64595e-06
1747735553.180 65.668 0.05194333 1.05595e-05
1747735553.190 65.780 0.05200478 1.56058e-05
1747735553.200 65.891 0.05206251 2.32118e-05
1747735553.210 66.002 0.05212117 2.89178e-05
1747735553.220 66.112 0.05217053 4.00840e-05
1747735553.230 66.223 0.05221615 5.21438e-05
1747735553.240 66.333 0.05228785 6.25742e-05
1747735553.250 66.443 0.05231857 6.90375e-05
1747735553.260 66.553 0.05235768 7.04156e-05
1747735553.311 66.663 0.05274224 5.20115e-05
1747735553.320 66.772 0.05274224 1.78605e-05
1747735553.330 66.882 0.05282046 7.76436e-06
1747735553.340 66.991 0.05291170 3.18060e-06
1747735553.350 67.100 0.05298340 7.16451e-07
1747735553.360 67.209 0.05305696 2.73359e-07
1747735553.370 67.318 0.05313331 1.76586e-07
1747735553.380 67.426 0.05322364 1.11323e-07
1747735553.390 67.534 0.05332420 1.42836e-07
1747735553.400 67.642 0.05339869 6.38113e-08
1747735553.410 67.750 0.05347132 9.77382e-08
1747735553.419 67.858 0.05356164 8.45869e-08
1747735553.430 67.966 0.05366406 9.77499e-08
1747735553.439 68.073 0.05374880 1.48828e-07
1747735553.449 68.181 0.05381212 7.63829e-08
1747735553.459 68.288 0.05389684 1.18354e-07
1747735553.469 68.395 0.05398996 1.09705e-07
1747735553.479 68.502 0.05403931 1.27013e-07
1747735553.489 68.608 0.05409425 1.70144e-07
1747735553.499 68.715 0.05418364 8.55305e-08
1747735553.509 68.821 0.05424323 1.07685e-07
1747735553.519 68.927 0.05431399 7.66372e-08
1747735553.529 69.033 0.05435776 6.74868e-08
1747735553.539 69.139 0.05443597 1.01623e-07
1747735553.590 69.245 0.05487081 1.06072e-07
1747735553.599 69.350 0.05487081 7.57224e-08
1747735553.610 69.455 0.05493786 1.05970e-07
1747735553.620 69.561 0.05503749 9.35930e-08
1747735553.630 69.666 0.05511104 6.26040e-08
1747735553.640 69.770 0.05528796 4.31487e-07
1747735553.650 69.875 0.05528796 1.11867e-06
1747735553.660 69.980 0.05547047 8.16314e-06
1747735553.670 70.084 0.05547047 1.47079e-05
1747735553.680 70.188 0.05551516 3.02168e-05
1747735553.690 70.292 0.05557568 4.27155e-05
1747735553.700 70.396 0.05566414 6.29164e-05
1747735553.710 70.500 0.05575446 9.17319e-05
1747735553.720 70.604 0.05579264 1.25874e-04
1747735553.730 70.707 0.05588948 1.77473e-04
1747735553.740 70.810 0.05597328 2.52939e-04
1747735553.750 70.914 0.05603194 2.83278e-04
1747735553.760 71.017 0.05607011 3.02844e-04
1747735553.770 71.119 0.05612505 2.86331e-04
1747735553.780 71.222 0.05621724 2.70248e-04
1747735553.790 71.325 0.05625076 2.38253e-04
1747735553.800 71.427 0.05630383 1.96605e-04
1747735553.810 71.529 0.05636808 1.17621e-04
1747735553.841 71.632 0.05662693 7.78796e-05
1747735553.866 71.733 0.05678243 8.24220e-06
1747735553.872 71.835 0.05685692 7.60572e-06
1747735553.880 71.937 0.05685692 7.05579e-06
1747735553.889 72.039 0.05689976 6.08008e-06
1747735553.899 72.140 0.05700404 4.28784e-06
1747735553.909 72.241 0.05706643 2.52533e-06
1747735553.919 72.342 0.05716140 9.25301e-07
1747735553.929 72.443 0.05723776 4.23369e-07
1747735553.939 72.544 0.05732715 3.62964e-07
1747735553.949 72.645 0.05739605 3.35974e-07
1747735553.959 72.745 0.05747985 4.08326e-07
1747735553.969 72.846 0.05756924 4.22332e-07
1747735553.979 72.946 0.05763814 4.69074e-07
1747735553.989 73.046 0.05772567 5.69166e-07
1747735553.999 73.146 0.05779551 5.11329e-07
1747735554.009 73.246 0.05787652 5.45303e-07
1747735554.019 73.346 0.05793611 5.19794e-07
1747735554.029 73.445 0.05800688 5.48578e-07
1747735554.039 73.545 0.05805902 6.53359e-07
1747735554.049 73.644 0.05811675 6.05155e-07
1747735554.059 73.743 0.05818193 5.94701e-07
1747735554.069 73.843 0.05827970 5.61125e-07
1747735554.079 73.941 0.05834022 5.96120e-07
1747735554.089 74.040 0.05840074 6.50694e-07
1747735554.099 74.139 0.05844730 6.12409e-07
1747735554.109 74.237 0.05852924 6.65776e-07
1747735554.119 74.336 0.05862887 6.12481e-07
1747735554.129 74.434 0.05869498 6.04795e-07
1747735554.139 74.532 0.05875178 6.30548e-07
1747735554.149 74.630 0.05882441 5.36893e-07
1747735554.159 74.728 0.05893149 5.80167e-07
1747735554.169 74.826 0.05902367 5.99241e-07
1747735554.179 74.924 0.05908979 7.00821e-07
1747735554.189 75.021 0.05915496 8.15568e-07
1747735554.199 75.118 0.05919127 8.25239e-07
1747735554.209 75.216 0.05929929 9.68904e-07
1747735554.219 75.313 0.05939054 1.09651e-06
1747735554.229 75.410 0.05947434 1.19908e-06
1747735554.239 75.507 0.05954418 1.27678e-06
1747735554.293 75.603 0.06005444 9.85701e-05
1747735554.299 75.700 0.06005444 1.28792e-04
1747735554.309 75.797 0.06015686 1.67916e-04
1747735554.319 75.893 0.06023135 2.53980e-04
1747735554.329 75.989 0.06028443 3.21141e-04
1747735554.339 76.085 0.06036171 4.37301e-04
1747735554.349 76.181 0.06046321 5.80261e-04
1747735554.359 76.277 0.06054794 7.53791e-04
1747735554.389 76.373 0.06077607 8.38065e-04
1747735554.399 76.469 0.06088315 6.54174e-04
1747735554.409 76.564 0.06088315 5.75107e-04
1747735554.419 76.660 0.06092691 4.20058e-04
1747735554.429 76.755 0.06097719 2.47797e-04
1747735554.439 76.850 0.06102654 1.00365e-04
1747735554.449 76.945 0.06107310 4.66279e-05
1747735554.459 77.040 0.06112524 8.33686e-06
1747735554.469 77.135 0.06117460 2.63619e-06
1747735554.479 77.230 0.06121370 1.06898e-06
1747735554.489 77.324 0.06124815 1.23631e-06
1747735554.499 77.419 0.06130216 1.62679e-06
1747735554.510 77.513 0.06141483 2.51882e-06
1747735554.519 77.607 0.06141483 3.15092e-06
1747735554.529 77.702 0.06146790 3.97347e-06
1747735554.539 77.796 0.06150235 5.02525e-06
1747735554.549 77.889 0.06155822 6.13696e-06
1747735554.559 77.983 0.06161968 7.41219e-06
1747735554.569 78.077 0.06164668 9.13442e-06
1747735554.579 78.171 0.06169323 1.10501e-05
1747735554.589 78.264 0.06173328 1.34404e-05
1747735554.599 78.357 0.06178728 1.64073e-05
1747735554.609 78.451 0.06185339 2.08203e-05
1747735554.619 78.544 0.06195395 2.48764e-05
1747735554.629 78.637 0.06202192 2.63923e-05
1747735554.639 78.730 0.06208990 2.73008e-05
1747735554.649 78.822 0.06215880 2.64090e-05
1747735554.659 78.915 0.06222864 2.48745e-05
1747735554.669 79.008 0.06230499 2.32417e-05
1747735554.679 79.100 0.06239159 2.01514e-05
1747735554.689 79.192 0.06246794 1.49045e-05
1747735554.699 79.285 0.06257502 1.02290e-05
1747735554.709 79.377 0.06262810 6.15804e-06
1747735554.719 79.469 0.06272493 3.69498e-06
1747735554.729 79.561 0.06284971 2.78916e-06
1747735554.739 79.653 0.06291861 2.13401e-06
1747735554.749 79.744 0.06302196 1.42852e-06
1747735554.759 79.836 0.06308528 1.12062e-06
1747735554.769 79.928 0.06314766 8.94426e-07
1747735554.779 80.019 0.06325009 7.44921e-07
1747735554.789 80.110 0.06335996 7.13402e-07
1747735554.799 80.201 0.06343725 6.52066e-07
1747735554.809 80.293 0.06352105 7.32242e-07
1747735554.819 80.384 0.06359461 8.00590e-07
1747735554.829 80.474 0.06368027 9.88933e-07
1747735554.839 80.565 0.06375104 1.30650e-06
1747735554.849 80.656 0.06384229 1.58556e-06
1747735554.859 80.746 0.06391120 2.09085e-06
1747735554.869 80.837 0.06394844 2.90939e-06
1747735554.879 80.927 0.06403317 3.40796e-06
1747735554.889 81.018 0.06411791 4.63983e-06
1747735554.899 81.108 0.06420730 5.79614e-06
1747735554.946 81.198 0.06454902 6.52840e-06
1747735554.957 81.288 0.06461234 4.75902e-06
1747735554.976 81.378 0.06473804 2.17301e-06
1747735554.985 81.468 0.06480508 1.49852e-06
1747735554.992 81.557 0.06487399 1.08480e-06
1747735554.999 81.647 0.06487399 1.00081e-06
1747735555.009 81.736 0.06491403 1.04829e-06
1747735555.019 81.826 0.06499038 1.16258e-06
1747735555.029 81.915 0.06502856 1.30906e-06
1747735555.039 82.004 0.06511143 1.44727e-06
1747735555.049 82.093 0.06517382 1.41844e-06
1747735555.059 82.182 0.06524737 1.62973e-06
1747735555.069 82.271 0.06530417 1.94217e-06
1747735555.079 82.360 0.06533490 2.74207e-06
1747735555.089 82.449 0.06537867 3.74464e-06
1747735555.099 82.537 0.06541684 5.77640e-06
1747735555.109 82.626 0.06546806 8.93848e-06
1747735555.119 82.714 0.06552858 1.31614e-05
1747735555.129 82.803 0.06558537 1.98220e-05
1747735555.139 82.891 0.06561238 3.20397e-05
1747735555.149 82.979 0.06567290 4.06424e-05
1747735555.159 83.067 0.06575205 5.77799e-05
1747735555.169 83.155 0.06577998 7.70788e-05
1747735555.178 83.243 0.06583585 1.03643e-04
1747735555.188 83.331 0.06590662 1.34974e-04
1747735555.198 83.418 0.06595038 1.77303e-04
1747735555.208 83.506 0.06602301 2.41099e-04
1747735555.218 83.593 0.06607422 2.89398e-04
1747735555.228 83.681 0.06615337 3.69777e-04
1747735555.238 83.768 0.06619620 4.71531e-04
1747735555.248 83.855 0.06625579 5.79216e-04
1747735555.258 83.942 0.06633680 6.59148e-04
1747735555.268 84.029 0.06643364 6.96402e-04
1747735555.278 84.116 0.06648951 6.91551e-04
1747735555.288 84.203 0.06657424 6.66306e-04
1747735555.298 84.290 0.06662918 6.18729e-04
1747735555.308 84.377 0.06674091 5.48617e-04
1747735555.318 84.463 0.06682379 4.36467e-04
1747735555.328 84.550 0.06690387 3.05712e-04
1747735555.338 84.636 0.06698487 1.81331e-04
1747735555.348 84.723 0.06706029 6.65389e-05
1747735555.358 84.809 0.06713292 3.03028e-05
1747735555.368 84.895 0.06721114 9.03905e-06
1747735555.378 84.981 0.06729866 3.71366e-06
1747735555.388 85.067 0.06736757 2.03417e-06
1747735555.398 85.153 0.06745882 1.52819e-06
1747735555.408 85.239 0.06751469 1.40665e-06
1747735555.418 85.324 0.06761339 1.30050e-06
1747735555.428 85.410 0.06767856 1.38441e-06
1747735555.438 85.496 0.06775678 1.57283e-06
1747735555.448 85.581 0.06781358 1.64701e-06
1747735555.497 85.666 0.06814786 1.86277e-06
1747735555.507 85.752 0.06822608 2.50306e-06
1747735555.513 85.837 0.06831174 2.73193e-06
1747735555.520 85.922 0.06835271 3.15751e-06
1747735555.528 86.007 0.06835271 3.47305e-06
1747735555.538 86.092 0.06843837 4.12135e-06
1747735555.548 86.177 0.06851379 4.59109e-06
1747735555.558 86.262 0.06857246 4.68405e-06
1747735555.568 86.346 0.06862460 4.61975e-06
1747735555.578 86.431 0.06867768 4.69495e-06
1747735555.588 86.515 0.06872423 4.83576e-06
1747735555.598 86.600 0.06878754 4.75012e-06
1747735555.608 86.684 0.06884341 4.97354e-06
1747735555.618 86.769 0.06890022 5.13582e-06
1747735555.628 86.853 0.06895515 5.31268e-06
1747735555.638 86.937 0.06899612 5.66558e-06
1747735555.648 87.021 0.06902964 5.79601e-06
1747735555.658 87.105 0.06907620 6.54756e-06
1747735555.668 87.189 0.06914138 7.67909e-06
1747735555.678 87.273 0.06918980 9.39861e-06
1747735555.688 87.356 0.06920283 1.14868e-05
1747735555.698 87.440 0.06925405 1.34427e-05
1747735555.708 87.524 0.06934344 1.54285e-05
1747735555.718 87.607 0.06940675 1.75772e-05
1747735555.728 87.690 0.06945797 2.03294e-05
1747735555.738 87.774 0.06950080 2.23849e-05
1747735555.748 87.857 0.06957436 2.27398e-05
1747735555.758 87.940 0.06964512 2.29530e-05
1747735555.768 88.023 0.06971030 2.22980e-05
1747735555.778 88.106 0.06975034 2.11266e-05
1747735555.788 88.189 0.06981552 1.94362e-05
1747735555.798 88.272 0.06987697 1.69075e-05
1747735555.808 88.355 0.06995612 1.55615e-05
1747735555.818 88.438 0.07002875 1.35291e-05
1747735555.828 88.520 0.07011721 1.08844e-05
1747735555.838 88.603 0.07017680 7.67725e-06
1747735555.848 88.685 0.07026433 4.88849e-06
1747735555.858 88.768 0.07034720 3.62072e-06
1747735555.868 88.850 0.07042355 2.80749e-06
1747735555.878 88.932 0.07049059 2.62223e-06
1747735555.888 89.014 0.07057626 2.76672e-06
1747735555.898 89.096 0.07063212 2.90182e-06
1747735555.908 89.178 0.07067775 3.10378e-06
1747735555.918 89.260 0.07079880 3.24397e-06
1747735555.928 89.342 0.07086304 3.47424e-06
1747735555.938 89.424 0.07092171 3.85225e-06
1747735555.948 89.506 0.07100365 4.15862e-06
1747735555.958 89.587 0.07107441 4.18661e-06
1747735555.968 89.669 0.07112470 3.95903e-06
1747735555.978 89.750 0.07120291 3.60647e-06
1747735555.988 89.832 0.07129509 3.22400e-06
1747735555.998 89.913 0.07137703 2.81356e-06
1747735556.029 89.994 0.07159771 2.51326e-06
1747735556.053 90.076 0.07170107 5.79264e-07
1747735556.060 90.157 0.07175786 3.99720e-07
1747735556.068 90.238 0.07175786 4.03797e-07
1747735556.078 90.319 0.07183701 3.69584e-07
1747735556.088 90.400 0.07188916 3.88085e-07
1747735556.098 90.480 0.07196551 2.65286e-07
1747735556.108 90.561 0.07202603 2.62178e-07
1747735556.118 90.642 0.07207072 2.11126e-07
1747735556.128 90.722 0.07216477 2.06138e-07
1747735556.138 90.803 0.07221505 3.01162e-07
1747735556.148 90.883 0.07223088 2.86569e-07
1747735556.158 90.964 0.07230909 4.17513e-07
1747735556.168 91.044 0.07238452 4.86464e-07
1747735556.178 91.124 0.07241711 5.94386e-07
1747735556.188 91.205 0.07245435 7.04451e-07
1747735556.198 91.285 0.07249719 7.03354e-07
1747735556.208 91.365 0.07257261 8.53363e-07
1747735556.218 91.445 0.07262009 9.28058e-07
1747735556.228 91.525 0.07265269 1.06136e-06
1747735556.238 91.604 0.07271228 1.23152e-06
1747735556.248 91.684 0.07275511 1.27781e-06
1747735556.258 91.764 0.07280725 1.50379e-06
1747735556.268 91.844 0.07283612 1.64772e-06
1747735556.278 91.923 0.07288826 1.88263e-06
1747735556.288 92.003 0.07295251 2.24761e-06
1747735556.298 92.082 0.07298603 2.28054e-06
1747735556.308 92.161 0.07305773 2.72910e-06
1747735556.318 92.241 0.07313594 3.12199e-06
1747735556.328 92.320 0.07316853 3.81421e-06
1747735556.338 92.399 0.07324396 4.82665e-06
1747735556.348 92.478 0.07333148 6.65863e-06
1747735556.358 92.557 0.07341436 1.07139e-05
1747735556.368 92.636 0.07346463 1.62295e-05
1747735556.378 92.715 0.07351771 2.79085e-05
1747735556.388 92.794 0.07358289 3.67189e-05
1747735556.398 92.873 0.07365552 5.25643e-05
1747735556.408 92.951 0.07371883 7.45550e-05
1747735556.418 93.030 0.07377284 9.86773e-05
1747735556.428 93.108 0.07386782 1.26705e-04
1747735556.438 93.187 0.07392275 1.66132e-04
1747735556.448 93.265 0.07401587 2.08986e-04
1747735556.458 93.344 0.07416671 2.95653e-04
1747735556.468 93.422 0.07416671 3.26627e-04
1747735556.478 93.500 0.07423003 3.73285e-04
1747735556.488 93.578 0.07430080 4.06967e-04
1747735556.498 93.656 0.07438925 4.49254e-04
1747735556.508 93.734 0.07445257 4.97488e-04
1747735556.518 93.812 0.07448609 5.42590e-04
1747735556.528 93.890 0.07455592 5.74298e-04
1747735556.538 93.968 0.07463973 5.86437e-04
1747735556.548 94.046 0.07469839 5.63896e-04
1747735556.578 94.123 0.07486692 5.27583e-04
1747735556.589 94.201 0.07500101 3.90273e-04
1747735556.598 94.279 0.07500101 3.59963e-04
1747735556.608 94.356 0.07504384 3.15765e-04
1747735556.618 94.434 0.07509319 2.67310e-04
1747735556.628 94.511 0.07517886 2.10827e-04
1747735556.638 94.588 0.07521051 1.48936e-04
1747735556.648 94.666 0.07528314 1.11435e-04
1747735556.658 94.743 0.07536508 8.04847e-05
1747735556.668 94.820 0.07543585 5.68078e-05
1747735556.678 94.897 0.07549451 4.39281e-05
1747735556.688 94.974 0.07548799 3.57450e-05
1747735556.698 95.051 0.07553548 2.90366e-05
1747735556.708 95.128 0.07564070 2.50542e-05
1747735556.718 95.205 0.07569936 2.12839e-05
1747735556.728 95.281 0.07572543 1.74687e-05
1747735556.738 95.358 0.07577105 1.55928e-05
1747735556.748 95.435 0.07583437 1.33215e-05
1747735556.758 95.511 0.07589583 1.18141e-05
1747735556.768 95.588 0.07595728 1.00502e-05
1747735556.778 95.664 0.07599360 8.98740e-06
1747735556.788 95.741 0.07605225 7.74334e-06
1747735556.798 95.817 0.07612116 6.70397e-06
1747735556.808 95.893 0.07616027 6.19849e-06
1747735556.818 95.969 0.07621241 5.51349e-06
1747735556.828 96.045 0.07627015 4.91500e-06
1747735556.838 96.122 0.07632229 4.57314e-06
1747735556.848 96.198 0.07635581 4.06214e-06
1747735556.860 96.274 0.07647127 3.52752e-06
1747735556.868 96.349 0.07647127 3.41239e-06
1747735556.878 96.425 0.07653365 3.19066e-06
1747735556.888 96.501 0.07659138 2.92808e-06
1747735556.898 96.577 0.07666122 2.61200e-06
1747735556.908 96.652 0.07671430 2.47121e-06
1747735556.918 96.728 0.07679158 2.27202e-06
1747735556.928 96.804 0.07683907 2.15620e-06
1747735556.938 96.879 0.07690052 2.04212e-06
1747735556.948 96.954 0.07698618 1.83612e-06
1747735556.958 97.030 0.07705415 1.76431e-06
1747735556.968 97.105 0.07713051 1.62212e-06
1747735556.978 97.180 0.07718638 1.54200e-06
1747735556.987 97.256 0.07724597 1.43359e-06
1747735556.997 97.331 0.07730370 1.25191e-06
1747735557.007 97.406 0.07738378 1.26981e-06
1747735557.017 97.481 0.07742382 1.19679e-06
1747735557.027 97.556 0.07752904 1.15463e-06
1747735557.037 97.631 0.07759236 1.08765e-06
1747735557.047 97.706 0.07764357 9.63599e-07
1747735557.057 97.780 0.07772737 9.76525e-07
1747735557.067 97.855 0.07777206 9.12063e-07
1747735557.077 97.930 0.07782421 8.98860e-07
1747735557.087 98.004 0.07789218 8.80461e-07
1747735557.137 98.079 0.07821342 8.61344e-07
1747735557.143 98.153 0.07825812 8.23633e-07
1747735557.150 98.228 0.07831864 9.49120e-07
1747735557.157 98.302 0.07831864 9.29440e-07
1747735557.168 98.377 0.07836426 9.40205e-07
1747735557.178 98.451 0.07844155 1.00466e-06
1747735557.187 98.525 0.07849276 1.07937e-06
1747735557.197 98.599 0.07855701 1.05132e-06
1747735557.207 98.673 0.07862778 1.17027e-06
1747735557.217 98.747 0.07865757 1.18473e-06
1747735557.227 98.821 0.07870692 1.22988e-06
1747735557.237 98.895 0.07876744 1.24579e-06
1747735557.247 98.969 0.07878141 1.17199e-06
1747735557.257 99.043 0.07882983 1.25142e-06
1747735557.267 99.117 0.07888849 1.24143e-06
1747735557.277 99.191 0.07893691 1.25808e-06
1747735557.287 99.264 0.07899743 1.25797e-06
1747735557.297 99.338 0.07901233 1.19849e-06
1747735557.307 99.411 0.07904399 1.30489e-06
1747735557.317 99.485 0.07907937 1.33610e-06
1747735557.327 99.558 0.07914734 1.44955e-06
1747735557.337 99.632 0.07921439 1.61906e-06
1747735557.347 99.705 0.07922835 1.73712e-06
1747735557.357 99.778 0.07930750 2.05648e-06
1747735557.367 99.852 0.07935592 2.36372e-06
1747735557.377 99.925 0.07940062 2.60695e-06
1747735557.387 99.998 0.07944903 2.95418e-06
1747735557.397 100.071 0.07951421 3.42287e-06
1747735557.407 100.144 0.07954587 3.98708e-06
1747735557.417 100.217 0.07960547 4.55665e-06
1747735557.427 100.290 0.07968275 5.18667e-06
1747735557.437 100.363 0.07973862 5.83537e-06
1747735557.447 100.436 0.07981218 6.64255e-06
1747735557.457 100.508 0.07986898 7.80492e-06
1747735557.467 100.581 0.07992578 8.83002e-06
1747735557.477 100.654 0.08000771 1.00267e-05
1747735557.487 100.726 0.08006172 1.10997e-05
1747735557.497 100.799 0.08009710 1.20352e-05
1747735557.507 100.871 0.08017718 1.26196e-05
1747735557.517 100.944 0.08023584 1.27312e-05
1747735557.527 101.016 0.08032151 1.31985e-05
1747735557.537 101.089 0.08037179 1.33745e-05
1747735557.547 101.161 0.08040810 1.32942e-05
1747735557.557 101.233 0.08050215 1.34609e-05
1747735557.567 101.305 0.08054963 1.30764e-05
1747735557.577 101.377 0.08061388 1.27052e-05
1747735557.587 101.450 0.08069023 1.22418e-05
1747735557.597 101.522 0.08079080 1.19106e-05
1747735557.607 101.594 0.08082991 1.20050e-05
1747735557.617 101.665 0.08085598 1.21703e-05
1747735557.627 101.737 0.08093699 1.22396e-05
1747735557.637 101.809 0.08098913 1.21123e-05
1747735557.667 101.881 0.08116325 1.18463e-05
1747735557.692 101.953 0.08135414 9.57553e-06
1747735557.698 102.024 0.08139324 9.11453e-06
1747735557.707 102.096 0.08139324 8.58441e-06
1747735557.717 102.168 0.08146029 7.91525e-06
1747735557.727 102.239 0.08153477 7.10429e-06
1747735557.737 102.311 0.08157482 6.13493e-06
1747735557.747 102.382 0.08163348 5.16671e-06
1747735557.757 102.453 0.08166327 4.28628e-06
1747735557.767 102.525 0.08170704 3.43409e-06
1747735557.777 102.596 0.08176663 2.86168e-06
1747735557.787 102.667 0.08180760 2.36229e-06
1747735557.797 102.738 0.08187557 1.93706e-06
1747735557.807 102.809 0.08191002 1.76777e-06
1747735557.817 102.881 0.08195844 1.49251e-06
1747735557.827 102.952 0.08202362 1.36389e-06
1747735557.837 103.023 0.08205342 1.22094e-06
1747735557.847 103.094 0.08208042 1.03780e-06
1747735557.857 103.164 0.08211301 1.04073e-06
1747735557.867 103.235 0.08216143 9.36756e-07
1747735557.877 103.306 0.08220705 8.87021e-07
1747735557.887 103.377 0.08223499 8.24258e-07
1747735557.897 103.447 0.08228434 7.22878e-07
1747735557.907 103.518 0.08235883 7.92450e-07
1747735557.917 103.589 0.08237187 7.08493e-07
1747735557.927 103.659 0.08241563 7.29311e-07
1747735557.937 103.730 0.08245846 6.95889e-07
1747735557.947 103.800 0.08251712 6.32382e-07
1747735557.957 103.871 0.08257020 7.28128e-07
1747735557.967 103.941 0.08261303 6.78276e-07
1747735557.977 104.011 0.08272197 7.15508e-07
1747735557.987 104.081 0.08277318 6.91630e-07
1747735557.997 104.152 0.08281509 6.19211e-07
1747735558.007 104.222 0.08286723 7.06299e-07
1747735558.017 104.292 0.08293427 6.64342e-07
1747735558.027 104.362 0.08299014 6.69922e-07
1747735558.037 104.432 0.08306928 6.41355e-07
1747735558.047 104.502 0.08310840 5.63532e-07
1747735558.057 104.572 0.08316147 6.33914e-07
1747735558.067 104.642 0.08321920 5.82340e-07
1747735558.077 104.712 0.08330859 6.03377e-07
1747735558.087 104.781 0.08334863 5.60084e-07
1747735558.097 104.851 0.08340822 4.95327e-07
1747735558.107 104.921 0.08345664 5.85774e-07
1747735558.117 104.991 0.08354044 5.51447e-07
1747735558.127 105.060 0.08361679 5.84467e-07
1747735558.137 105.130 0.08366801 5.67641e-07
1747735558.147 105.199 0.08371829 5.00277e-07
1747735558.157 105.269 0.08378533 5.86821e-07
1747735558.167 105.338 0.08383281 5.46697e-07
1747735558.177 105.407 0.08392407 5.75696e-07
1747735558.187 105.477 0.08397062 5.44567e-07
1747735558.216 105.546 0.08410936 4.72441e-07
1747735558.227 105.615 0.08416430 4.66806e-07
1747735558.233 105.685 0.08423507 5.28763e-07
1747735558.240 105.754 0.08427231 5.86845e-07
1747735558.247 105.823 0.08427231 5.97055e-07
1747735558.257 105.892 0.08431700 6.93504e-07
1747735558.267 105.961 0.08435611 8.04519e-07
1747735558.277 106.030 0.08442967 1.35480e-06
1747735558.287 106.099 0.08449578 3.16168e-06
1747735558.297 106.168 0.08455258 4.79207e-06
1747735558.307 106.236 0.08463173 8.50148e-06
1747735558.317 106.305 0.08467736 1.26616e-05
1747735558.327 106.374 0.08473229 1.83918e-05
1747735558.337 106.443 0.08477326 2.65100e-05
1747735558.347 106.511 0.08483192 3.09796e-05
1747735558.357 106.580 0.08487383 4.04078e-05
1747735558.367 106.648 0.08491573 4.86945e-05
1747735558.377 106.717 0.08499022 5.93220e-05
1747735558.387 106.785 0.08501722 7.29711e-05
1747735558.397 106.854 0.08504329 8.77589e-05
1747735558.407 106.922 0.08510288 1.01533e-04
1747735558.417 106.991 0.08515503 1.17572e-04
1747735558.427 107.059 0.08521276 1.37985e-04
1747735558.437 107.127 0.08525280 1.56174e-04
1747735558.447 107.195 0.08527607 1.73565e-04
1747735558.457 107.264 0.08534498 1.94999e-04
1747735558.467 107.332 0.08540736 2.15777e-04
1747735558.477 107.400 0.08546882 2.28430e-04
1747735558.487 107.468 0.08551724 2.42703e-04
1747735558.497 107.536 0.08555542 2.54265e-04
1747735558.507 107.604 0.08562990 2.65628e-04
1747735558.517 107.672 0.08570719 2.67233e-04
1747735558.527 107.740 0.08575747 2.75284e-04
1747735558.537 107.807 0.08577889 2.78852e-04
1747735558.547 107.875 0.08586548 2.75595e-04
1747735558.557 107.943 0.08592042 2.77382e-04
1747735558.567 108.011 0.08595114 2.66590e-04
1747735558.577 108.078 0.08603215 2.58952e-04
1747735558.587 108.146 0.08609454 2.45378e-04
1747735558.597 108.214 0.08614203 2.34169e-04
1747735558.607 108.281 0.08622956 2.23245e-04
1747735558.617 108.349 0.08625190 2.09359e-04
1747735558.627 108.416 0.08630963 2.05611e-04
1747735558.637 108.483 0.08636643 1.93993e-04
1747735558.647 108.551 0.08642416 1.90171e-04
1747735558.657 108.618 0.08649307 1.84530e-04
1747735558.667 108.685 0.08651727 1.85101e-04
1747735558.677 108.753 0.08657501 1.84847e-04
1747735558.687 108.820 0.08665229 1.86745e-04
1747735558.697 108.887 0.08673795 1.90167e-04
1747735558.707 108.954 0.08678544 1.94907e-04
1747735558.717 109.021 0.08683572 1.95404e-04
1747735558.747 109.088 0.08698471 1.96459e-04
1747735558.756 109.155 0.08704150 1.84496e-04
1747735558.762 109.222 0.08707410 1.82096e-04
1747735558.790 109.289 0.08725287 1.63085e-04
1747735558.797 109.356 0.08729756 1.59638e-04
1747735558.807 109.423 0.08729756 1.52313e-04
1747735558.817 109.489 0.08735623 1.43683e-04
1747735558.827 109.556 0.08742886 1.32584e-04
1747735558.837 109.623 0.08745400 1.21836e-04
1747735558.847 109.690 0.08748938 1.08440e-04
1747735558.857 109.756 0.08753687 9.44776e-05
1747735558.867 109.823 0.08759925 7.99153e-05
1747735558.877 109.889 0.08764395 6.83467e-05
1747735558.887 109.956 0.08769982 5.63441e-05
1747735558.897 110.022 0.08775382 4.73330e-05
1747735558.907 110.089 0.08778921 4.09629e-05
1747735558.917 110.155 0.08780131 3.43952e-05
1747735558.926 110.221 0.08783855 3.02506e-05
1747735558.936 110.288 0.08788697 2.63741e-05
1747735558.946 110.354 0.08792887 2.27648e-05
1747735558.957 110.420 0.08796798 2.01684e-05
1747735558.966 110.486 0.08802478 1.74378e-05
1747735558.976 110.553 0.08807040 1.54864e-05
1747735558.986 110.619 0.08809648 1.37881e-05
1747735558.996 110.685 0.08815514 1.16463e-05
1747735559.006 110.751 0.08822032 1.05818e-05
1747735559.016 110.817 0.08826874 9.39960e-06
1747735559.026 110.883 0.08831623 7.92465e-06
1747735559.036 110.949 0.08833392 7.45607e-06
1747735559.046 111.014 0.08838140 6.51583e-06
1747735559.056 111.080 0.08846241 5.96105e-06
1747735559.066 111.146 0.08849780 5.34499e-06
1747735559.077 111.212 0.08853504 4.98191e-06
1747735559.087 111.278 0.08857136 4.34784e-06
1747735559.097 111.343 0.08862071 3.79104e-06
1747735559.107 111.409 0.08869334 3.38741e-06
1747735559.117 111.474 0.08877341 3.08381e-06
1747735559.126 111.540 0.08880786 2.72428e-06
1747735559.137 111.606 0.08887025 2.62638e-06
1747735559.147 111.671 0.08891960 2.31826e-06
1747735559.157 111.736 0.08899875 2.22171e-06
1747735559.167 111.802 0.08903413 1.94989e-06
1747735559.176 111.867 0.08908814 1.83714e-06
1747735559.187 111.933 0.08915611 1.74889e-06
1747735559.197 111.998 0.08923526 1.50388e-06
1747735559.207 112.063 0.08927809 1.50452e-06
1747735559.217 112.128 0.08933675 1.31508e-06
1747735559.226 112.193 0.08939728 1.14838e-06
1747735559.236 112.259 0.08945780 1.15793e-06
1747735559.246 112.324 0.08954439 1.03482e-06
1747735559.256 112.389 0.08956488 1.09402e-06
1747735559.306 112.454 0.08984050 8.82108e-07
1747735559.313 112.519 0.08988705 8.37685e-07
1747735559.320 112.584 0.08992709 9.09313e-07
1747735559.327 112.649 0.08998110 8.02730e-07
1747735559.336 112.714 0.08998110 9.24965e-07
1747735559.346 112.778 0.09004162 8.45428e-07
1747735559.356 112.843 0.09006583 9.43101e-07
1747735559.366 112.908 0.09011332 9.15248e-07
1747735559.376 112.973 0.09018222 9.76921e-07
1747735559.386 113.037 0.09024833 9.84924e-07
1747735559.396 113.102 0.09027161 9.72316e-07
1747735559.406 113.167 0.09027999 1.07722e-06
1747735559.416 113.231 0.09032468 1.02897e-06
1747735559.426 113.296 0.09038800 1.08835e-06
1747735559.436 113.360 0.09043642 1.06598e-06
1747735559.446 113.425 0.09045970 1.02192e-06
1747735559.456 113.489 0.09050253 1.15706e-06
1747735559.466 113.554 0.09053512 1.09496e-06
1747735559.476 113.618 0.09059471 1.14545e-06
1747735559.486 113.682 0.09064406 1.13291e-06
1747735559.496 113.746 0.09067758 1.06008e-06
1747735559.506 113.811 0.09071018 1.15942e-06
1747735559.516 113.875 0.09074556 1.11410e-06
1747735559.526 113.939 0.09079770 1.12298e-06
1747735559.536 114.003 0.09082377 1.09098e-06
1747735559.546 114.067 0.09087126 1.04250e-06
1747735559.556 114.131 0.09093737 1.12326e-06
1747735559.566 114.195 0.09098113 1.05373e-06
1747735559.576 114.259 0.09100534 1.07996e-06
1747735559.586 114.323 0.09104538 1.04751e-06
1747735559.596 114.387 0.09112080 9.59738e-07
1747735559.606 114.451 0.09117481 1.03833e-06
1747735559.616 114.515 0.09122881 9.59056e-07
1747735559.626 114.579 0.09124278 9.71675e-07
1747735559.636 114.643 0.09129772 9.20806e-07
1747735559.646 114.706 0.09139363 8.30079e-07
1747735559.656 114.770 0.09145880 9.08583e-07
1747735559.666 114.834 0.09148860 8.22961e-07
1747735559.676 114.897 0.09152678 8.28777e-07
1747735559.686 114.961 0.09161710 7.58689e-07
1747735559.696 115.025 0.09168600 6.77529e-07
1747735559.706 115.088 0.09171766 7.39931e-07
1747735559.716 115.152 0.09176887 6.60518e-07
1747735559.726 115.215 0.09182940 6.61117e-07
1747735559.736 115.279 0.09187875 6.12803e-07
1747735559.746 115.342 0.09195138 5.52489e-07
1747735559.756 115.405 0.09198117 6.13942e-07
1747735559.766 115.469 0.09203424 5.52560e-07
1747735559.776 115.532 0.09211246 5.73063e-07
1747735559.786 115.595 0.09216181 5.32751e-07
1747735559.796 115.658 0.09222140 4.68548e-07
1747735559.806 115.722 0.09225772 5.69957e-07
1747735559.837 115.785 0.09246722 5.26028e-07
1747735559.861 115.848 0.09257803 5.25975e-07
1747735559.867 115.911 0.09261993 6.03080e-07
1747735559.876 115.974 0.09261993 5.74144e-07
1747735559.886 116.037 0.09265345 5.48820e-07
1747735559.896 116.100 0.09272049 4.81262e-07
1747735559.906 116.163 0.09278008 5.60000e-07
1747735559.916 116.226 0.09281268 5.10663e-07
1747735559.926 116.289 0.09285551 5.20993e-07
1747735559.936 116.352 0.09288810 4.94662e-07
1747735559.946 116.414 0.09294490 4.35883e-07
1747735559.956 116.477 0.09299052 5.11334e-07
1747735559.966 116.540 0.09304453 4.52912e-07
1747735559.976 116.603 0.09307991 4.67015e-07
1747735559.986 116.665 0.09314229 4.22994e-07
1747735559.996 116.728 0.09318606 3.78000e-07
1747735560.047 116.791 0.09333690 2.84490e-07
1747735560.056 116.853 0.09333690 2.94613e-07
1747735560.066 116.916 0.09338346 2.55574e-07
1747735560.076 116.978 0.09344491 2.77371e-07
1747735560.086 117.041 0.09350823 2.59332e-07
1747735560.096 117.103 0.09354455 1.76916e-07
1747735560.106 117.166 0.09362276 2.40306e-07
1747735560.116 117.228 0.09364511 1.99989e-07
1747735560.126 117.290 0.09367490 2.16056e-07
1747735560.140 117.353 0.09374660 2.07619e-07
1747735560.149 117.415 0.09379129 1.82598e-07
1747735560.156 117.477 0.09382668 1.97806e-07
1747735560.166 117.539 0.09382668 1.72637e-07
1747735560.176 117.601 0.09387324 1.96175e-07
1747735560.186 117.664 0.09392259 1.62699e-07
1747735560.196 117.726 0.09397287 1.61583e-07
1747735560.206 117.788 0.09400546 1.80311e-07
1747735560.216 117.850 0.09403991 1.51446e-07
1747735560.226 117.912 0.09406412 1.71687e-07
1747735560.236 117.974 0.09409019 1.46645e-07
1747735560.246 118.036 0.09414606 1.45393e-07
1747735560.256 118.098 0.09417306 2.04194e-07
1747735560.266 118.160 0.09422241 1.25878e-07
1747735560.276 118.221 0.09426804 1.61181e-07
1747735560.286 118.283 0.09431646 1.32084e-07
1747735560.296 118.345 0.09435464 1.40699e-07
1747735560.306 118.407 0.09437140 1.90934e-07
1747735560.316 118.468 0.09441609 1.14469e-07
1747735560.326 118.530 0.09449337 1.41891e-07
1747735560.336 118.592 0.09452689 1.19870e-07
1747735560.346 118.653 0.09456414 1.25106e-07
1747735560.356 118.715 0.09462839 1.82700e-07
1747735560.385 118.777 0.09479972 1.03203e-07
1747735560.396 118.838 0.09489003 1.11198e-07
1747735560.406 118.900 0.09489003 1.69886e-07
1747735560.416 118.961 0.09494777 1.14256e-07
1747735560.426 119.023 0.09499246 1.38394e-07
1747735560.436 119.084 0.09504833 1.15303e-07
1747735560.446 119.145 0.09512933 7.13502e-08
1747735560.456 119.207 0.09518334 1.68664e-07
1747735560.466 119.268 0.09521314 1.12796e-07
1747735560.476 119.329 0.09526808 1.44984e-07
1747735560.486 119.390 0.09531370 1.24466e-07
1747735560.496 119.452 0.09538074 7.32631e-08
1747735560.506 119.513 0.09543940 1.77944e-07
1747735560.516 119.574 0.09544964 1.17953e-07
1747735560.526 119.635 0.09551017 1.40736e-07
1747735560.536 119.696 0.09554928 1.29274e-07
1747735560.546 119.757 0.09560608 9.61599e-08
1747735560.556 119.818 0.09563960 1.68463e-07
1747735560.566 119.879 0.09571223 1.22156e-07
1747735560.576 119.940 0.09573923 1.47779e-07
1747735560.586 120.001 0.09577647 1.20543e-07
1747735560.596 120.062 0.09581000 7.77736e-08
1747735560.606 120.123 0.09585283 1.74129e-07
1747735560.616 120.184 0.09589659 1.18763e-07
1747735560.626 120.245 0.09593011 1.37661e-07
1747735560.636 120.305 0.09597667 1.22358e-07
1747735560.646 120.366 0.09602509 1.13278e-07
1747735560.656 120.427 0.09605488 1.84770e-07
1747735560.666 120.488 0.09610609 1.14217e-07
1747735560.676 120.548 0.09614241 1.44847e-07
1747735560.686 120.609 0.09619642 1.28880e-07
1747735560.696 120.669 0.09621038 9.25766e-08
1747735560.706 120.730 0.09627277 1.71192e-07
1747735560.716 120.791 0.09632212 1.18457e-07
1747735560.726 120.851 0.09637240 1.38339e-07
1747735560.736 120.911 0.09642175 1.22897e-07
1747735560.746 120.972 0.09647855 1.00881e-07
1747735560.756 121.032 0.09655025 2.01295e-07
1747735560.766 121.093 0.09656329 1.86905e-07
1747735560.776 121.153 0.09666944 1.95403e-07
1747735560.786 121.213 0.09666944 3.29661e-07
1747735560.795 121.274 0.09671971 3.20227e-07
1747735560.806 121.334 0.09677372 5.35502e-07
1747735560.816 121.394 0.09683611 5.93738e-07
1747735560.826 121.454 0.09688825 7.69266e-07
1747735560.836 121.515 0.09694784 9.12021e-07
1747735560.846 121.575 0.09699719 1.06119e-06
1747735560.856 121.635 0.09699906 1.38226e-06
1747735560.866 121.695 0.09708472 1.56605e-06
1747735560.876 121.755 0.09713686 1.87366e-06
1747735560.886 121.815 0.09719459 2.26005e-06
1747735560.896 121.875 0.09724860 2.41194e-06
1747735560.945 121.935 0.09749814 3.45780e-06
1747735560.952 121.995 0.09754283 4.40342e-06
1747735560.958 122.055 0.09759964 4.57070e-06
1747735560.965 122.115 0.09759964 4.77778e-06
1747735560.975 122.175 0.09763874 4.94242e-06
1747735560.985 122.234 0.09766761 5.14903e-06
1747735560.995 122.294 0.09773372 5.44012e-06
1747735561.005 122.354 0.09776351 5.67963e-06
1747735561.015 122.414 0.09782032 5.91000e-06
1747735561.025 122.473 0.09786315 6.15381e-06
1747735561.035 122.533 0.09790505 6.36458e-06
1747735561.045 122.593 0.09791715 6.51918e-06
1747735561.055 122.652 0.09797954 6.74063e-06
1747735561.065 122.712 0.09802330 6.76352e-06
1747735561.075 122.771 0.09804472 6.96859e-06
1747735561.085 122.831 0.09806706 7.04096e-06
1747735561.095 122.890 0.09811456 7.13554e-06
1747735561.105 122.950 0.09816856 7.29460e-06
1747735561.115 123.009 0.09821232 7.24442e-06
1747735561.125 123.069 0.09823933 7.28997e-06
1747735561.135 123.128 0.09827936 7.33626e-06
1747735561.145 123.187 0.09829240 7.28505e-06
1747735561.155 123.247 0.09834548 7.36887e-06
1747735561.165 123.306 0.09839575 7.33368e-06
1747735561.175 123.365 0.09843580 7.28956e-06
1747735561.185 123.425 0.09844511 7.45109e-06
1747735561.195 123.484 0.09848701 7.41018e-06
1747735561.205 123.543 0.09852798 7.25529e-06
1747735561.215 123.602 0.09856243 7.15263e-06
1747735561.225 123.661 0.09862295 6.98610e-06
1747735561.235 123.720 0.09868441 6.84061e-06
1747735561.245 123.779 0.09873841 6.65875e-06
1747735561.255 123.839 0.09879149 6.39973e-06
1747735561.265 123.898 0.09885480 6.15897e-06
1747735561.275 123.957 0.09888740 6.01894e-06
1747735561.285 124.015 0.09892092 5.72085e-06
1747735561.295 124.074 0.09898982 5.54122e-06
1747735561.305 124.133 0.09904103 5.32339e-06
1747735561.315 124.192 0.09908479 5.02001e-06
1747735561.325 124.251 0.09914811 4.88144e-06
1747735561.338 124.310 0.09923285 4.45285e-06
1747735561.345 124.369 0.09923285 4.28684e-06
1747735561.355 124.427 0.09928778 4.47635e-06
1747735561.365 124.486 0.09932969 4.10669e-06
1747735561.375 124.545 0.09941255 3.93207e-06
1747735561.385 124.604 0.09946377 3.70939e-06
1747735561.395 124.662 0.09951777 3.54103e-06
1747735561.405 124.721 0.09955316 3.48977e-06
1747735561.415 124.779 0.09960064 3.28042e-06
1747735561.425 124.838 0.09966489 3.21604e-06
1747735561.435 124.897 0.09971238 3.13180e-06
1747735561.445 124.955 0.09976732 3.32124e-06
1747735561.475 125.014 0.09986229 3.20592e-06
1747735561.499 125.072 0.10002711 2.82504e-06
1747735561.506 125.130 0.10008856 2.81581e-06
1747735561.515 125.189 0.10008856 2.79580e-06
1747735561.525 125.247 0.10012301 2.81968e-06
1747735561.535 125.306 0.10017422 2.80283e-06
1747735561.545 125.364 0.10022358 2.77328e-06
1747735561.555 125.422 0.10024872 2.86367e-06
1747735561.565 125.480 0.10027292 2.85096e-06
1747735561.575 125.539 0.10034276 2.91313e-06
1747735561.585 125.597 0.10036324 2.90535e-06
1747735561.595 125.655 0.10039117 2.87602e-06
1747735561.605 125.713 0.10045636 3.04460e-06
1747735561.615 125.771 0.10049081 3.02198e-06
1747735561.625 125.830 0.10052805 3.05239e-06
1747735561.635 125.888 0.10057275 3.03470e-06
1747735561.645 125.946 0.10062582 3.02023e-06
1747735561.655 126.004 0.10067052 3.06487e-06
1747735561.665 126.062 0.10065562 3.00234e-06
1747735561.675 126.120 0.10071149 3.00857e-06
1747735561.685 126.178 0.10073197 2.94357e-06
1747735561.695 126.236 0.10074873 2.85589e-06
1747735561.705 126.293 0.10082694 2.88399e-06
1747735561.715 126.351 0.10086046 2.79619e-06
1747735561.725 126.409 0.10089306 2.75932e-06
1747735561.735 126.467 0.10094241 2.67292e-06
1747735561.754 126.525 0.10098058 2.54969e-06
1747735561.760 126.582 0.10103086 2.40439e-06
1747735561.766 126.640 0.10109326 2.37323e-06
1747735561.775 126.698 0.10109326 2.31899e-06
1747735561.785 126.756 0.10114074 2.18575e-06
1747735561.795 126.813 0.10120313 2.03840e-06
1747735561.805 126.871 0.10122733 1.98755e-06
1747735561.815 126.929 0.10126551 1.79023e-06
1747735561.825 126.986 0.10132697 1.71322e-06
1747735561.835 127.044 0.10137725 1.15801e-06
1747735561.845 127.101 0.10142473 1.12764e-06
1747735561.857 127.159 0.10155324 1.05892e-06
1747735561.865 127.216 0.10155324 9.71148e-07
1747735561.875 127.274 0.10159141 9.40541e-07
1747735561.885 127.331 0.10162493 8.13852e-07
1747735561.895 127.388 0.10166217 7.57369e-07
1747735561.905 127.446 0.10171152 7.59534e-07
1747735561.915 127.503 0.10180092 5.94993e-07
1747735561.925 127.560 0.10183909 5.96212e-07
1747735561.935 127.618 0.10188658 5.33387e-07
1747735561.945 127.675 0.10192382 5.06612e-07
1747735561.955 127.732 0.10197597 5.31246e-07
1747735561.965 127.789 0.10204767 4.11397e-07
1747735561.975 127.847 0.10207281 4.27135e-07
1747735561.985 127.904 0.10210632 3.82457e-07
1747735561.995 127.961 0.10216686 3.69083e-07
1747735562.024 128.018 0.10232328 4.24373e-07
1747735562.036 128.075 0.10242850 2.71680e-07
1747735562.045 128.132 0.10242850 1.92268e-07
1747735562.055 128.189 0.10243409 3.13506e-07
1747735562.065 128.246 0.10250020 2.14963e-07
1747735562.075 128.303 0.10255048 2.56970e-07
1747735562.085 128.360 0.10256723 2.18158e-07
1747735562.095 128.417 0.10261101 2.41063e-07
1747735562.105 128.474 0.10266035 2.89948e-07
1747735562.115 128.531 0.10273298 2.10107e-07
1747735562.125 128.588 0.10276277 2.12348e-07
1747735562.135 128.645 0.10278978 1.85364e-07
1747735562.145 128.701 0.10284938 1.99199e-07
1747735562.155 128.758 0.10292014 2.05998e-07
1747735562.165 128.815 0.10292014 1.77568e-07
1747735562.175 128.872 0.10294900 2.22518e-07
1747735562.185 128.928 0.10299835 2.19658e-07
1747735562.195 128.985 0.10302628 2.72879e-07
1747735562.205 129.042 0.10304770 4.15516e-07
1747735562.215 129.098 0.10308588 4.66221e-07
1747735562.225 129.155 0.10314547 7.93394e-07
1747735562.235 129.212 0.10317992 1.05711e-06
1747735562.245 129.268 0.10321437 1.50032e-06
1747735562.255 129.325 0.10327489 2.23569e-06
1747735562.265 129.381 0.10329725 2.72278e-06
1747735562.274 129.438 0.10333356 3.85326e-06
1747735562.284 129.494 0.10337267 4.60621e-06
1747735562.294 129.551 0.10343226 5.74036e-06
1747735562.304 129.607 0.10348719 7.04437e-06
1747735562.314 129.663 0.10352165 8.60012e-06
1747735562.324 129.720 0.10355983 1.04680e-05
1747735562.334 129.776 0.10360452 1.25019e-05
1747735562.344 129.832 0.10366970 1.46349e-05
1747735562.354 129.889 0.10368273 1.72453e-05
1747735562.364 129.945 0.10372092 2.07356e-05
1747735562.374 130.001 0.10379075 2.49068e-05
1747735562.384 130.058 0.10382986 2.67465e-05
1747735562.394 130.114 0.10387827 3.12512e-05
1747735562.404 130.170 0.10392948 3.46059e-05
1747735562.414 130.226 0.10397139 3.91281e-05
1747735562.424 130.282 0.10405798 4.44724e-05
1747735562.434 130.338 0.10409430 4.82652e-05
1747735562.444 130.394 0.10412782 5.50973e-05
1747735562.454 130.450 0.10418928 5.95877e-05
1747735562.464 130.506 0.10421349 6.58031e-05
1747735562.474 130.562 0.10427214 7.12016e-05
1747735562.484 130.618 0.10428518 7.56963e-05
1747735562.494 130.674 0.10435874 8.18417e-05
1747735562.504 130.730 0.10444161 8.53153e-05
1747735562.514 130.786 0.10448444 9.16098e-05
1747735562.524 130.842 0.10450120 9.63636e-05
1747735562.534 130.898 0.10454590 9.81772e-05
1747735562.585 130.954 0.10480754 1.10882e-04
1747735562.595 131.010 0.10480754 1.25026e-04
1747735562.605 131.065 0.10485690 1.30307e-04
1747735562.615 131.121 0.10489787 1.30160e-04
1747735562.624 131.177 0.10495001 1.35504e-04
1747735562.634 131.233 0.10498539 1.37137e-04
1747735562.644 131.288 0.10503567 1.38450e-04
1747735562.654 131.344 0.10508037 1.38197e-04
1747735562.664 131.400 0.10511296 1.40254e-04
1747735562.674 131.455 0.10515393 1.41067e-04
1747735562.684 131.511 0.10518000 1.41680e-04
1747735562.694 131.566 0.10523680 1.42388e-04
1747735562.704 131.622 0.10526007 1.39382e-04
1747735562.715 131.677 0.10530757 1.36247e-04
1747735562.724 131.733 0.10530757 1.33846e-04
1747735562.734 131.788 0.10532805 1.33650e-04
1747735562.744 131.844 0.10536343 1.31864e-04
1747735562.754 131.899 0.10543420 1.28229e-04
1747735562.764 131.955 0.10545189 1.26286e-04
1747735562.774 132.010 0.10546492 1.23765e-04
1747735562.784 132.065 0.10552080 1.20674e-04
1747735562.794 132.121 0.10554966 1.19192e-04
1747735562.804 132.176 0.10559249 1.13542e-04
1747735562.814 132.231 0.10563532 1.11639e-04
1747735562.824 132.287 0.10565860 1.08378e-04
1747735562.834 132.342 0.10570329 1.04348e-04
1747735562.844 132.397 0.10572844 1.02262e-04
1747735562.854 132.452 0.10573868 9.72004e-05
1747735562.864 132.508 0.10579269 9.31434e-05
1747735562.874 132.563 0.10583645 8.99072e-05
1747735562.884 132.618 0.10589138 8.57974e-05
1747735562.894 132.673 0.10592583 8.14193e-05
1747735562.904 132.728 0.10598171 7.69310e-05
1747735562.914 132.783 0.10602175 7.23361e-05
1747735562.924 132.838 0.10605433 6.81339e-05
1747735562.934 132.893 0.10612882 6.29260e-05
1747735562.944 132.948 0.10618097 5.90531e-05
1747735562.954 133.003 0.10624429 5.59516e-05
1747735562.964 133.058 0.10628339 5.30920e-05
1747735562.974 133.113 0.10629643 5.06955e-05
1747735562.988 133.168 0.10641003 4.75562e-05
1747735562.994 133.223 0.10641003 4.57045e-05
1747735563.004 133.278 0.10644634 4.49218e-05
1747735563.014 133.332 0.10651431 4.27336e-05
1747735563.024 133.387 0.10653387 4.17144e-05
1747735563.034 133.442 0.10659254 4.05258e-05
1747735563.046 133.497 0.10670892 3.90616e-05
1747735563.054 133.552 0.10670892 3.85060e-05
1747735563.064 133.606 0.10674803 3.76924e-05
1747735563.074 133.661 0.10678713 3.68379e-05
1747735563.086 133.716 0.10688491 3.63694e-05
1747735563.115 133.770 0.10701433 3.56143e-05
1747735563.140 133.825 0.10709255 3.64157e-05
1747735563.146 133.880 0.10715121 3.69754e-05
1747735563.154 133.934 0.10715121 3.71499e-05
1747735563.164 133.989 0.10719963 3.74185e-05
1747735563.174 134.043 0.10723873 3.78915e-05
1747735563.184 134.098 0.10727506 3.77492e-05
1747735563.194 134.152 0.10730020 3.87963e-05
1747735563.215 134.207 0.10742682 4.00806e-05
1747735563.224 134.261 0.10742682 3.98066e-05
1747735563.234 134.316 0.10746034 4.03623e-05
1747735563.244 134.370 0.10752087 3.83212e-05
1747735563.254 134.425 0.10757022 3.99883e-05
1747735563.264 134.479 0.10757953 4.01364e-05
1747735563.274 134.533 0.10760840 4.01557e-05
1747735563.284 134.588 0.10763074 4.02867e-05
1747735563.294 134.642 0.10769314 3.94791e-05
1747735563.304 134.696 0.10772945 3.96640e-05
1747735563.314 134.750 0.10772293 4.01730e-05
1747735563.324 134.805 0.10772386 3.96760e-05
1747735563.334 134.859 0.10778345 3.91108e-05
1747735563.344 134.913 0.10785887 3.94733e-05
1747735563.354 134.967 0.10786539 3.88357e-05
1747735563.364 135.021 0.10787284 3.86660e-05
1747735563.374 135.076 0.10792778 3.82298e-05
1747735563.384 135.130 0.10798085 3.70072e-05
1747735563.394 135.184 0.10799575 3.65241e-05
1747735563.404 135.238 0.10801437 3.60973e-05
1747735563.414 135.292 0.10805162 2.84931e-05
1747735563.424 135.346 0.10810097 2.92706e-05
1747735563.459 135.400 0.10823878 2.69298e-05
1747735563.466 135.454 0.10829744 2.64492e-05
1747735563.474 135.508 0.10829744 2.55967e-05
1747735563.484 135.562 0.10833375 2.45366e-05
1747735563.494 135.616 0.10837845 2.36225e-05
1747735563.504 135.670 0.10843711 2.25282e-05
1747735563.514 135.723 0.10849577 2.13625e-05
1747735563.524 135.777 0.10855629 2.02266e-05
1747735563.534 135.831 0.10861030 2.00796e-05
1747735563.544 135.885 0.10862892 1.82484e-05
1747735563.554 135.939 0.10867082 1.73608e-05
1747735563.564 135.992 0.10871458 1.60528e-05
1747735563.574 136.046 0.10877231 1.56835e-05
1747735563.584 136.100 0.10882446 1.43846e-05
1747735563.594 136.154 0.10885519 1.33875e-05
1747735563.604 136.207 0.10891478 1.25339e-05
1747735563.614 136.261 0.10891571 1.16081e-05
1747735563.624 136.315 0.10897344 1.11405e-05
1747735563.634 136.368 0.10902092 1.04046e-05
1747735563.665 136.422 0.10916525 9.86927e-06
1747735563.675 136.475 0.10920063 8.44075e-06
1747735563.684 136.529 0.10920063 8.37082e-06
1747735563.694 136.582 0.10921088 8.00756e-06
1747735563.704 136.636 0.10926303 7.76850e-06
1747735563.714 136.689 0.10931982 6.54940e-06
1747735563.724 136.743 0.10936824 6.59504e-06
1747735563.734 136.796 0.10941573 5.96561e-06
1747735563.744 136.850 0.10942504 6.07196e-06
1747735563.754 136.903 0.10946414 6.05470e-06
1747735563.764 136.957 0.10951816 5.89933e-06
1747735563.774 137.010 0.10956378 5.88783e-06
1747735563.784 137.063 0.10957588 5.77129e-06
1747735563.794 137.117 0.10961220 5.66683e-06
1747735563.804 137.170 0.10964199 5.57878e-06
1747735563.814 137.223 0.10969042 5.35736e-06
1747735563.824 137.276 0.10975560 4.56076e-06
1747735563.834 137.330 0.10980029 4.66732e-06
1747735563.844 137.383 0.10983288 4.07348e-06
1747735563.854 137.436 0.10982543 4.26939e-06
1747735563.864 137.489 0.10989155 4.20047e-06
1747735563.874 137.542 0.10991855 4.30523e-06
1747735563.884 137.596 0.10994369 4.29176e-06
1747735563.894 137.649 0.10999397 4.22993e-06
1747735563.904 137.702 0.11006380 4.19119e-06
1747735563.914 137.755 0.11008428 4.05231e-06
1747735563.924 137.808 0.11010571 3.97475e-06
1747735563.934 137.861 0.11013457 3.94988e-06
1747735563.944 137.914 0.11018857 3.83094e-06
1747735563.954 137.967 0.11023513 3.79321e-06
1747735563.964 138.020 0.11026865 3.64648e-06
1747735563.974 138.073 0.11033103 3.59921e-06
1747735563.984 138.126 0.11037015 2.98499e-06
1747735563.994 138.179 0.11041763 3.04553e-06
1747735564.004 138.232 0.11046139 3.07284e-06
1747735564.014 138.285 0.11050795 3.00123e-06
1747735564.024 138.337 0.11055917 3.07605e-06
1747735564.034 138.390 0.11057779 2.98322e-06
1747735564.043 138.443 0.11064017 2.97410e-06
1747735564.053 138.496 0.11068207 2.69015e-06
1747735564.064 138.549 0.11068114 2.54176e-06
1747735564.073 138.601 0.11075190 2.63637e-06
1747735564.083 138.654 0.11081802 2.61029e-06
1747735564.093 138.707 0.11087575 2.17969e-06
1747735564.103 138.759 0.11090554 2.27763e-06
1747735564.113 138.812 0.11093068 2.25295e-06
1747735564.123 138.865 0.11097538 2.31062e-06
1747735564.133 138.917 0.11101915 2.30151e-06
1747735564.143 138.970 0.11108060 2.28392e-06
1747735564.153 139.023 0.11113553 2.29930e-06
1747735564.163 139.075 0.11116533 2.16042e-06
1747735564.173 139.128 0.11117371 2.21000e-06
