1747735276.014 42.744 0.03506931 6.74403e-08
1747735276.020 42.915 0.03509073 -1.05451e-08
1747735276.026 43.085 0.03509073 2.60203e-08
1747735276.036 43.254 0.03509445 4.13545e-08
1747735276.046 43.423 0.03508980 2.24089e-08
1747735276.056 43.591 0.03506000 3.79193e-08
1747735276.066 43.759 0.03507397 8.82087e-08
1747735276.114 43.925 0.03510469 6.56107e-08
1747735276.120 44.091 0.03510469 -1.55880e-08
1747735276.126 44.257 0.03510469 2.73183e-08
1747735276.136 44.422 0.03512052 4.09934e-08
1747735276.146 44.586 0.03511773 2.34969e-08
1747735276.156 44.750 0.03515591 3.93920e-08
1747735276.166 44.913 0.03520246 8.83685e-08
1747735276.214 45.075 0.03544084 6.52205e-08
1747735276.220 45.237 0.03553302 -1.44299e-08
1747735276.226 45.399 0.03560471 2.85447e-08
1747735276.236 45.559 0.03560471 4.15765e-08
1747735276.246 45.719 0.03570341 2.28959e-08
1747735276.256 45.879 0.03582167 4.09646e-08
1747735276.266 46.038 0.03590268 8.50478e-08
1747735276.314 46.197 0.03648371 6.90647e-08
1747735276.320 46.355 0.03659358 -1.82085e-08
1747735276.326 46.512 0.03668762 2.95282e-08
1747735276.336 46.669 0.03668762 4.93545e-08
1747735276.346 46.825 0.03678912 1.60919e-07
1747735276.356 46.981 0.03693158 6.14574e-07
1747735276.366 47.137 0.03703028 1.19444e-06
1747735276.376 47.292 0.03712153 2.43516e-06
1747735276.386 47.446 0.03726400 2.56591e-06
1747735276.396 47.600 0.03736176 2.28286e-06
1747735276.406 47.753 0.03745022 1.09732e-06
1747735276.416 47.906 0.03752192 5.53181e-07
1747735276.430 48.058 0.03770070 6.54542e-08
1747735276.436 48.210 0.03770070 1.94699e-08
1747735276.446 48.362 0.03780499 2.36639e-08
1747735276.456 48.512 0.03785992 4.54410e-08
1747735276.466 48.663 0.03794931 8.09834e-08
1747735276.513 48.813 0.03836367 7.05024e-08
1747735276.544 48.962 0.03864021 -1.61080e-08
1747735276.568 49.112 0.03889348 4.98374e-08
1747735276.576 49.260 0.03889348 3.69209e-08
1747735276.585 49.408 0.03899218 4.33622e-08
1747735276.595 49.556 0.03911043 2.67592e-08
1747735276.605 49.703 0.03920913 4.93031e-08
1747735276.615 49.850 0.03931528 7.80934e-08
1747735276.663 49.997 0.03978830 7.49826e-08
1747735276.670 50.143 0.03986000 8.07810e-09
1747735276.675 50.288 0.03986000 3.46903e-08
1747735276.685 50.434 0.03991959 4.02804e-08
1747735276.695 50.578 0.04001270 2.45529e-08
1747735276.705 50.723 0.04008347 4.74039e-08
1747735276.715 50.867 0.04012723 6.84457e-08
1747735276.725 51.010 0.04018590 -8.28240e-09
1747735276.735 51.153 0.04025666 3.97667e-08
1747735276.745 51.296 0.04029204 2.52237e-08
1747735276.755 51.438 0.04035164 4.70044e-08
1747735276.765 51.580 0.04040937 7.31386e-08
1747735276.813 51.722 0.04065612 7.05233e-08
1747735276.820 51.863 0.04071664 -2.00993e-08
1747735276.826 52.004 0.04078927 3.09889e-08
1747735276.835 52.144 0.04078927 4.00008e-08
1747735276.845 52.284 0.04087959 2.56680e-08
1747735276.855 52.424 0.04098201 4.67262e-08
1747735276.865 52.563 0.04105930 6.84115e-08
1747735276.914 52.702 0.04149600 5.61193e-08
1747735276.964 52.840 0.04201744 5.40452e-08
1747735276.971 52.979 0.04210683 -1.25682e-08
1747735276.976 53.116 0.04218225 3.90027e-08
1747735276.985 53.254 0.04218225 3.92775e-08
1747735276.995 53.391 0.04231167 2.59548e-08
1747735277.005 53.528 0.04242527 3.59069e-08
1747735277.015 53.664 0.04248486 6.83917e-08
1747735277.025 53.800 0.04256308 -5.92260e-09
1747735277.035 53.936 0.04264223 4.48599e-08
1747735277.045 54.071 0.04271020 2.63387e-08
1747735277.055 54.206 0.04276514 4.21547e-08
1747735277.065 54.341 0.04281262 7.83852e-08
1747735277.116 54.475 0.04311245 6.38002e-08
1747735277.164 54.609 0.04331916 5.22020e-08
1747735277.171 54.743 0.04337689 -1.12949e-08
1747735277.177 54.877 0.04342811 4.48787e-08
1747735277.185 55.010 0.04342811 4.26164e-08
1747735277.233 55.142 0.04380894 4.54580e-08
1747735277.283 55.275 0.04414135 4.50286e-08
1747735277.334 55.407 0.04442069 4.68395e-08
1747735277.384 55.539 0.04463485 4.82469e-08
1747735277.434 55.670 0.04478570 4.86690e-08
1747735277.484 55.801 0.04486019 4.92269e-08
1747735277.552 55.932 0.04494678 4.00341e-08
1747735277.558 56.063 0.04498124 2.59428e-08
1747735277.565 56.193 0.04498124 4.08729e-08
1747735277.613 56.323 0.04504921 7.34325e-08
1747735277.645 56.453 0.04514605 1.36725e-08
1747735277.668 56.582 0.04519540 4.75706e-08
1747735277.675 56.711 0.04519540 2.70968e-08
1747735277.685 56.840 0.04521309 4.42843e-08
1747735277.733 56.968 0.04537045 4.90403e-08
1747735277.784 57.096 0.04557903 4.98351e-08
1747735277.852 57.224 0.04585743 4.11177e-08
1747735277.858 57.352 0.04589840 2.55665e-08
1747735277.865 57.479 0.04589840 4.05102e-08
1747735277.913 57.606 0.04610605 7.41464e-08
1747735277.920 57.733 0.04614515 1.23556e-08
1747735277.925 57.860 0.04618333 2.13825e-08
1747735277.935 57.986 0.04618333 4.19007e-08
1747735277.984 58.112 0.04632859 4.81797e-08
1747735278.035 58.237 0.04645709 4.68688e-08
1747735278.045 58.363 0.04645709 2.02169e-08
1747735278.055 58.488 0.04650736 4.46239e-08
1747735278.065 58.613 0.04654275 5.05404e-08
1747735278.075 58.737 0.04656696 -8.39260e-09
1747735278.085 58.862 0.04661538 4.91111e-08
1747735278.133 58.986 0.04684630 4.03803e-08
1747735278.203 59.110 0.04720665 -1.41310e-08
1747735278.210 59.233 0.04726065 2.80333e-08
1747735278.215 59.356 0.04732583 4.13486e-08
1747735278.263 59.479 0.04754465 7.48185e-08
1747735278.270 59.602 0.04760238 -1.66340e-09
1747735278.278 59.725 0.04764614 3.56160e-08
1747735278.285 59.847 0.04764614 4.46960e-08
1747735278.295 59.969 0.04765266 2.17932e-08
1747735278.305 60.091 0.04770108 4.76607e-08
1747735278.353 60.212 0.04791431 2.78418e-08
1747735278.359 60.334 0.04794504 2.23851e-08
1747735278.365 60.455 0.04793852 4.07095e-08
1747735278.413 60.576 0.04809681 7.62807e-08
1747735278.420 60.696 0.04814057 -9.09180e-09
1747735278.425 60.817 0.04818899 2.84773e-08
1747735278.434 60.937 0.04818899 4.22937e-08
1747735278.482 61.056 0.04846554 3.65993e-08
1747735278.532 61.176 0.04874767 3.87927e-08
1747735278.583 61.295 0.04903912 4.14968e-08
1747735278.633 61.415 0.04933057 4.28438e-08
1747735278.683 61.534 0.04952703 4.34993e-08
1747735278.742 61.652 0.04960432 2.88944e-08
1747735278.749 61.771 0.04958197 4.25741e-08
1747735278.797 61.889 0.04963225 6.61156e-08
1747735278.805 62.007 0.04963225 1.00659e-08
1747735278.814 62.125 0.04963691 6.50614e-08
1747735278.824 62.242 0.04966577 -1.35159e-08
1747735278.834 62.360 0.04967229 7.01012e-08
1747735278.882 62.477 0.04973188 4.41530e-08
1747735278.933 62.594 0.04989111 4.40791e-08
1747735278.983 62.710 0.05008106 4.52785e-08
1747735279.033 62.827 0.05037902 4.79651e-08
1747735279.083 62.943 0.05055966 4.36175e-08
1747735279.133 63.059 0.05072354 4.56658e-08
1747735279.183 63.175 0.05076544 4.79775e-08
1747735279.191 63.291 0.05077662 2.54786e-08
1747735279.197 63.406 0.05078406 4.53447e-08
1747735279.204 63.521 0.05078406 -1.45449e-08
1747735279.214 63.636 0.05081851 2.55549e-08
1747735279.224 63.751 0.05084087 -9.83600e-09
1747735279.234 63.866 0.05084273 7.14325e-08
1747735279.302 63.980 0.05092653 3.78580e-08
1747735279.309 64.094 0.05095726 2.63675e-08
1747735279.335 64.208 0.05102616 3.30148e-08
1747735279.344 64.322 0.05102616 2.35664e-08
1747735279.354 64.435 0.05108203 4.51475e-08
1747735279.364 64.549 0.05112393 3.01343e-08
1747735279.374 64.662 0.05118073 -1.81570e-09
1747735279.384 64.775 0.05123939 6.39346e-08
1747735279.432 64.888 0.05152432 5.22503e-08
1747735279.484 65.000 0.05185953 1.52987e-06
1747735279.494 65.113 0.05185953 2.73280e-06
1747735279.504 65.225 0.05190609 3.61406e-06
1747735279.514 65.337 0.05198802 5.35740e-06
1747735279.524 65.449 0.05207648 7.76800e-06
1747735279.534 65.560 0.05213235 1.13560e-05
1747735279.544 65.672 0.05216587 1.59980e-05
1747735279.554 65.783 0.05222174 2.07566e-05
1747735279.564 65.894 0.05228319 2.44746e-05
1747735279.574 66.005 0.05233626 2.42790e-05
1747735279.584 66.115 0.05240238 2.48553e-05
1747735279.594 66.226 0.05245452 2.32645e-05
1747735279.604 66.336 0.05249735 2.15072e-05
1747735279.614 66.446 0.05252715 1.92675e-05
1747735279.624 66.556 0.05256905 1.60065e-05
1747735279.634 66.666 0.05258581 1.33677e-05
1747735279.644 66.776 0.05263702 9.81927e-06
1747735279.654 66.885 0.05264820 6.75144e-06
1747735279.664 66.994 0.05270313 3.97161e-06
1747735279.674 67.103 0.05275248 1.98737e-06
1747735279.684 67.212 0.05279531 8.36332e-07
1747735279.694 67.321 0.05288191 4.07175e-07
1747735279.704 67.429 0.05292940 1.97232e-07
1747735279.714 67.538 0.05298247 1.44952e-07
1747735279.724 67.646 0.05303369 4.18010e-08
1747735279.734 67.754 0.05310538 1.02495e-07
1747735279.782 67.862 0.05353370 7.37836e-08
1747735279.859 67.969 0.05432796 4.76300e-08
1747735279.869 68.077 0.05443970 5.10970e-08
1747735279.875 68.184 0.05455981 3.74916e-08
1747735279.884 68.291 0.05455981 4.99853e-08
1747735279.928 68.398 0.05490620 8.54445e-08
1747735279.935 68.505 0.05495555 6.55691e-08
1747735279.944 68.612 0.05495555 4.08502e-08
1747735279.954 68.718 0.05499745 7.04442e-08
1747735279.964 68.824 0.05501421 5.11517e-08
1747735279.974 68.930 0.05504680 3.64890e-08
1747735279.984 69.036 0.05509522 9.96627e-08
1747735279.994 69.142 0.05509522 6.29073e-08
1747735280.004 69.248 0.05512315 1.26646e-07
1747735280.014 69.353 0.05510918 1.68752e-07
1747735280.024 69.459 0.05511198 3.53684e-07
1747735280.034 69.564 0.05511104 5.03098e-07
1747735280.044 69.669 0.05511943 7.41544e-07
1747735280.054 69.774 0.05510732 1.13045e-06
1747735280.064 69.878 0.05514736 1.55501e-06
1747735280.073 69.983 0.05517157 2.69263e-06
1747735280.084 70.087 0.05519485 3.10102e-06
1747735280.094 70.192 0.05521999 4.36376e-06
1747735280.104 70.296 0.05523954 6.29987e-06
1747735280.113 70.400 0.05527306 8.69944e-06
1747735280.123 70.503 0.05531962 1.22997e-05
1747735280.133 70.607 0.05537735 1.65779e-05
1747735280.143 70.710 0.05544533 2.40248e-05
1747735280.153 70.814 0.05550492 3.02626e-05
1747735280.163 70.917 0.05559803 4.14569e-05
1747735280.173 71.020 0.05566880 5.58395e-05
1747735280.183 71.123 0.05576563 7.65441e-05
1747735280.193 71.226 0.05586247 1.04189e-04
1747735280.203 71.328 0.05594814 1.31810e-04
1747735280.213 71.431 0.05605522 1.39182e-04
1747735280.223 71.533 0.05613157 1.34162e-04
1747735280.233 71.635 0.05625262 1.16522e-04
1747735280.243 71.737 0.05639229 9.35805e-05
1747735280.253 71.839 0.05648913 5.69567e-05
1747735280.263 71.940 0.05658038 2.31084e-05
1747735280.273 72.042 0.05669770 6.71427e-06
1747735280.283 72.143 0.05679733 4.95335e-06
1747735280.293 72.245 0.05691186 4.29126e-06
1747735280.303 72.346 0.05701615 3.52279e-06
1747735280.313 72.447 0.05712788 2.22027e-06
1747735280.323 72.548 0.05722752 7.72899e-07
1747735280.333 72.648 0.05731969 3.30700e-07
1747735280.343 72.749 0.05741840 1.75796e-07
1747735280.353 72.849 0.05752361 1.84374e-07
1747735280.363 72.950 0.05763907 2.11702e-07
1747735280.412 73.050 0.05803201 2.24418e-07
1747735280.419 73.150 0.05814003 1.92229e-07
1747735280.425 73.250 0.05820335 2.30964e-07
1747735280.433 73.349 0.05820335 2.30841e-07
1747735280.443 73.449 0.05826107 2.21546e-07
1747735280.453 73.548 0.05830390 2.46711e-07
1747735280.463 73.648 0.05837933 2.27246e-07
1747735280.473 73.747 0.05845289 2.01430e-07
1747735280.483 73.846 0.05851062 2.72186e-07
1747735280.495 73.945 0.05864377 2.40651e-07
1747735280.503 74.044 0.05864377 2.03847e-07
1747735280.515 74.142 0.05876109 1.76997e-07
1747735280.524 74.241 0.05882162 1.38958e-07
1747735280.533 74.339 0.05882162 1.67008e-07
1747735280.543 74.438 0.05887842 1.60988e-07
1747735280.553 74.536 0.05891101 1.92019e-07
1747735280.563 74.634 0.05894732 1.83174e-07
1747735280.573 74.732 0.05901902 2.04565e-07
1747735280.583 74.830 0.05906371 2.78751e-07
1747735280.593 74.927 0.05908885 2.77922e-07
1747735280.603 75.025 0.05917824 3.46471e-07
1747735280.613 75.122 0.05920711 3.78490e-07
1747735280.623 75.219 0.05927880 3.97998e-07
1747735280.633 75.316 0.05935050 5.32495e-07
1747735280.643 75.413 0.05940637 4.86521e-07
1747735280.653 75.510 0.05946782 4.96802e-07
1747735280.663 75.607 0.05955535 4.94893e-07
1747735280.673 75.704 0.05962332 7.67222e-07
1747735280.683 75.800 0.05971271 1.81978e-06
1747735280.693 75.897 0.05978813 6.47110e-06
1747735280.703 75.993 0.05986263 1.40054e-05
1747735280.713 76.089 0.05995667 3.58075e-05
1747735280.723 76.185 0.06003023 5.61132e-05
1747735280.733 76.281 0.06010472 9.24098e-05
1747735280.743 76.377 0.06019225 1.42692e-04
1747735280.753 76.472 0.06028350 2.50049e-04
1747735280.763 76.568 0.06036637 3.16475e-04
1747735280.773 76.663 0.06047065 4.36758e-04
1747735280.783 76.759 0.06056377 5.21555e-04
1747735280.793 76.854 0.06062895 5.34192e-04
1747735280.803 76.949 0.06073976 4.94814e-04
1747735280.813 77.044 0.06083566 4.36014e-04
1747735280.823 77.139 0.06091574 3.37205e-04
1747735280.833 77.233 0.06100978 2.18623e-04
1747735280.843 77.328 0.06109545 6.79431e-05
1747735280.853 77.422 0.06118856 1.97753e-05
1747735280.863 77.517 0.06125653 2.00078e-06
1747735280.873 77.611 0.06134778 3.23629e-07
1747735280.883 77.705 0.06141855 4.68587e-07
1747735280.893 77.799 0.06150235 9.05416e-07
1747735280.903 77.893 0.06157870 1.76636e-06
1747735280.913 77.987 0.06167089 3.38986e-06
1747735280.942 78.081 0.06187015 4.53702e-06
1747735280.967 78.174 0.06211225 1.77815e-05
1747735280.973 78.268 0.06217836 1.78607e-05
1747735280.983 78.361 0.06217836 1.75956e-05
1747735280.993 78.454 0.06223702 1.61644e-05
1747735281.003 78.547 0.06231896 1.50300e-05
1747735281.013 78.640 0.06238135 1.25838e-05
1747735281.023 78.733 0.06245676 9.91127e-06
1747735281.033 78.826 0.06253312 6.24949e-06
1747735281.043 78.919 0.06258898 3.16975e-06
1747735281.053 79.011 0.06266255 1.62704e-06
1747735281.063 79.104 0.06270724 1.11162e-06
1747735281.073 79.196 0.06276125 8.99529e-07
1747735281.083 79.289 0.06282829 8.09769e-07
1747735281.093 79.381 0.06287950 6.75164e-07
1747735281.103 79.473 0.06294096 5.93815e-07
1747735281.113 79.565 0.06300427 4.95289e-07
1747735281.123 79.657 0.06307969 4.30617e-07
1747735281.133 79.748 0.06311228 4.46764e-07
1747735281.143 79.840 0.06316629 3.65378e-07
1747735281.153 79.931 0.06319516 3.73282e-07
1747735281.163 80.023 0.06325847 3.61789e-07
1747735281.173 80.114 0.06331248 3.50341e-07
1747735281.183 80.205 0.06338883 4.18784e-07
1747735281.193 80.296 0.06343632 3.85448e-07
1747735281.203 80.387 0.06350709 4.33103e-07
1747735281.213 80.478 0.06357040 4.84262e-07
1747735281.223 80.569 0.06364396 5.61964e-07
1747735281.233 80.660 0.06371379 7.41676e-07
1747735281.243 80.750 0.06377339 8.96047e-07
1747735281.253 80.841 0.06385161 1.08879e-06
1747735281.263 80.931 0.06394006 1.40663e-06
1747735281.273 81.021 0.06399965 1.78589e-06
1747735281.283 81.112 0.06407135 2.46971e-06
1747735281.293 81.202 0.06413746 2.89154e-06
1747735281.303 81.292 0.06420171 3.07225e-06
1747735281.313 81.382 0.06427713 3.01478e-06
1747735281.323 81.471 0.06437304 2.74530e-06
1747735281.333 81.561 0.06446988 2.45091e-06
1747735281.343 81.651 0.06456299 2.04499e-06
1747735281.353 81.740 0.06464493 1.58691e-06
1747735281.363 81.830 0.06471942 1.09655e-06
1747735281.373 81.919 0.06480322 6.88409e-07
1747735281.383 82.008 0.06488423 6.77575e-07
1747735281.393 82.097 0.06493824 6.96385e-07
1747735281.403 82.186 0.06501645 7.90501e-07
1747735281.413 82.275 0.06511050 7.98856e-07
1747735281.423 82.364 0.06516357 7.89586e-07
1747735281.433 82.453 0.06523806 9.04625e-07
1747735281.443 82.541 0.06535166 9.04464e-07
1747735281.453 82.630 0.06543733 1.28395e-06
1747735281.463 82.718 0.06550716 2.76521e-06
1747735281.493 82.806 0.06570643 4.38784e-06
1747735281.505 82.895 0.06584051 5.13361e-05
1747735281.513 82.983 0.06584051 6.99426e-05
1747735281.523 83.071 0.06589358 9.24533e-05
1747735281.533 83.159 0.06595411 1.36440e-04
1747735281.543 83.247 0.06603791 1.89666e-04
1747735281.553 83.335 0.06610681 2.73172e-04
1747735281.563 83.422 0.06618037 3.39248e-04
1747735281.573 83.510 0.06627162 4.19440e-04
1747735281.583 83.597 0.06632004 4.90655e-04
1747735281.593 83.685 0.06637777 5.11845e-04
1747735281.603 83.772 0.06642619 5.02875e-04
1747735281.613 83.859 0.06649696 4.71103e-04
1747735281.623 83.946 0.06657238 4.32074e-04
1747735281.633 84.033 0.06662452 3.83411e-04
1747735281.643 84.120 0.06665618 3.20244e-04
1747735281.653 84.207 0.06673067 2.39233e-04
1747735281.663 84.294 0.06680050 1.43876e-04
1747735281.673 84.381 0.06684613 8.77845e-05
1747735281.683 84.467 0.06689827 4.01893e-05
1747735281.693 84.554 0.06696718 1.65923e-05
1747735281.703 84.640 0.06698208 6.08759e-06
1747735281.713 84.727 0.06703329 2.79999e-06
1747735281.723 84.813 0.06712547 1.34445e-06
1747735281.733 84.899 0.06720741 1.12614e-06
1747735281.743 84.985 0.06728377 9.07429e-07
1747735281.753 85.071 0.06732101 8.57143e-07
1747735281.763 85.157 0.06740947 8.14204e-07
1747735281.773 85.243 0.06745975 8.81032e-07
1747735281.783 85.328 0.06751003 1.01236e-06
1747735281.793 85.414 0.06759104 1.05284e-06
1747735281.803 85.500 0.06765622 1.18843e-06
1747735281.813 85.585 0.06774281 1.27475e-06
1747735281.823 85.670 0.06778937 1.27459e-06
1747735281.833 85.756 0.06788155 1.39941e-06
1747735281.843 85.841 0.06795884 1.40655e-06
1747735281.853 85.926 0.06801285 1.60251e-06
1747735281.863 86.011 0.06808920 1.79771e-06
1747735281.873 86.096 0.06816927 2.08298e-06
1747735281.883 86.181 0.06822048 2.57842e-06
1747735281.892 86.266 0.06831453 2.88610e-06
1747735281.902 86.350 0.06839647 3.01187e-06
1747735281.912 86.435 0.06848493 3.26536e-06
1747735281.922 86.520 0.06853893 3.08081e-06
1747735281.932 86.604 0.06860691 3.05586e-06
1747735281.942 86.688 0.06867208 2.83272e-06
1747735281.952 86.773 0.06873913 2.96026e-06
1747735281.962 86.857 0.06881641 2.85318e-06
1747735281.972 86.941 0.06889462 2.88038e-06
1747735281.982 87.025 0.06897377 3.43262e-06
1747735281.992 87.109 0.06903337 4.20876e-06
1747735282.002 87.193 0.06909761 5.73419e-06
1747735282.052 87.277 0.06944865 1.49483e-05
1747735282.059 87.361 0.06949800 1.88992e-05
1747735282.065 87.444 0.06956784 1.85645e-05
1747735282.072 87.528 0.06956784 1.82093e-05
1747735282.082 87.611 0.06963022 1.78549e-05
1747735282.092 87.695 0.06968982 1.65089e-05
1747735282.102 87.778 0.06975686 1.47059e-05
1747735282.112 87.861 0.06983135 1.20693e-05
1747735282.122 87.944 0.06990119 9.41479e-06
1747735282.132 88.027 0.06997009 6.74594e-06
1747735282.142 88.110 0.07001758 4.54644e-06
1747735282.152 88.193 0.07005761 2.87432e-06
1747735282.162 88.276 0.07011721 2.12281e-06
1747735282.172 88.359 0.07016842 1.92936e-06
1747735282.182 88.442 0.07021405 2.00041e-06
1747735282.192 88.524 0.07027829 1.99474e-06
1747735282.202 88.607 0.07031740 2.16460e-06
1747735282.212 88.689 0.07036396 2.28976e-06
1747735282.222 88.772 0.07042169 2.54072e-06
1747735282.232 88.854 0.07046452 2.88350e-06
1747735282.242 88.936 0.07053901 3.07451e-06
1747735282.252 89.018 0.07058557 3.61344e-06
1747735282.262 89.101 0.07062281 3.91770e-06
1747735282.272 89.183 0.07070196 4.30975e-06
1747735282.282 89.265 0.07074200 4.52857e-06
1747735282.292 89.346 0.07079973 4.49579e-06
1747735282.302 89.428 0.07084908 4.22010e-06
1747735282.312 89.510 0.07090960 3.92699e-06
1747735282.322 89.592 0.07094126 3.85794e-06
1747735282.332 89.673 0.07100830 3.76286e-06
1747735282.342 89.755 0.07109024 3.14324e-06
1747735282.352 89.836 0.07115356 2.79794e-06
1747735282.362 89.917 0.07125226 2.28938e-06
1747735282.372 89.999 0.07131837 1.50111e-06
1747735282.382 90.080 0.07134817 1.22985e-06
1747735282.392 90.161 0.07145339 6.41110e-07
1747735282.402 90.242 0.07153160 4.31955e-07
1747735282.412 90.323 0.07159119 3.07855e-07
1747735282.422 90.404 0.07166475 2.76997e-07
1747735282.432 90.485 0.07173738 3.10716e-07
1747735282.442 90.565 0.07180256 2.02228e-07
1747735282.452 90.646 0.07189567 2.02402e-07
1747735282.462 90.727 0.07195713 1.84628e-07
1747735282.472 90.807 0.07202324 1.74240e-07
1747735282.482 90.888 0.07208935 2.05866e-07
1747735282.492 90.968 0.07215639 1.28646e-07
1747735282.502 91.049 0.07223554 2.31847e-07
1747735282.512 91.129 0.07228861 2.61004e-07
1747735282.522 91.209 0.07235659 3.64382e-07
1747735282.532 91.289 0.07242455 5.08985e-07
1747735282.542 91.369 0.07250184 5.03527e-07
1747735282.552 91.449 0.07257447 6.35199e-07
1747735282.582 91.529 0.07282494 6.96437e-07
1747735282.607 91.609 0.07296648 1.17825e-06
1747735282.613 91.689 0.07302514 1.39178e-06
1747735282.622 91.768 0.07302514 1.52996e-06
1747735282.632 91.848 0.07306238 1.98488e-06
1747735282.642 91.928 0.07313036 2.60608e-06
1747735282.652 92.007 0.07319740 3.27364e-06
1747735282.662 92.086 0.07325234 4.46157e-06
1747735282.672 92.166 0.07331286 6.35714e-06
1747735282.682 92.245 0.07338642 9.62516e-06
1747735282.692 92.324 0.07346463 1.42427e-05
1747735282.702 92.403 0.07353168 2.09903e-05
1747735282.712 92.483 0.07356520 3.09822e-05
1747735282.722 92.562 0.07356706 3.97237e-05
1747735282.732 92.641 0.07362013 5.51624e-05
1747735282.742 92.719 0.07368159 6.89053e-05
1747735282.752 92.798 0.07373466 8.93509e-05
1747735282.762 92.877 0.07379146 1.12130e-04
1747735282.772 92.956 0.07383522 1.38094e-04
1747735282.782 93.034 0.07388178 1.69474e-04
1747735282.792 93.113 0.07393113 2.25516e-04
1747735282.802 93.191 0.07398886 2.66001e-04
1747735282.812 93.270 0.07403542 3.27808e-04
1747735282.822 93.348 0.07407639 3.97735e-04
1747735282.832 93.426 0.07410712 4.68626e-04
1747735282.842 93.505 0.07418720 5.18043e-04
1747735282.852 93.583 0.07425796 5.71156e-04
1747735282.862 93.661 0.07428962 5.98668e-04
1747735282.872 93.739 0.07434083 6.20749e-04
1747735282.882 93.817 0.07441253 6.24706e-04
1747735282.892 93.895 0.07446095 6.01535e-04
1747735282.902 93.972 0.07452613 5.75827e-04
1747735282.912 94.050 0.07459689 5.35867e-04
1747735282.922 94.128 0.07465835 4.94438e-04
1747735282.932 94.206 0.07472911 4.26983e-04
1747735282.942 94.283 0.07480174 3.60097e-04
1747735282.952 94.361 0.07485668 2.91088e-04
1747735282.962 94.438 0.07492558 2.08285e-04
1747735282.972 94.516 0.07499728 1.32852e-04
1747735282.982 94.593 0.07509598 8.84052e-05
1747735282.992 94.670 0.07516209 5.46982e-05
1747735283.002 94.747 0.07519003 3.80760e-05
1747735283.012 94.824 0.07527103 2.95400e-05
1747735283.022 94.901 0.07536229 2.44928e-05
1747735283.032 94.978 0.07541257 2.13765e-05
1747735283.042 95.055 0.07547030 1.77802e-05
1747735283.052 95.132 0.07553548 1.55791e-05
1747735283.062 95.209 0.07562952 1.32843e-05
1747735283.072 95.286 0.07567235 1.12792e-05
1747735283.082 95.363 0.07575057 9.49023e-06
1747735283.113 95.439 0.07598987 7.92164e-06
1747735283.124 95.516 0.07606250 4.47694e-06
1747735283.132 95.592 0.07606250 4.13713e-06
1747735283.142 95.669 0.07613326 3.70053e-06
1747735283.152 95.745 0.07618820 3.28622e-06
1747735283.162 95.821 0.07624407 2.93446e-06
1747735283.172 95.898 0.07630180 2.74999e-06
1747735283.182 95.974 0.07636046 2.60120e-06
1747735283.192 96.050 0.07644147 2.37221e-06
1747735283.202 96.126 0.07649920 2.27760e-06
1747735283.212 96.202 0.07651503 2.14511e-06
1747735283.222 96.278 0.07659045 2.13888e-06
1747735283.232 96.354 0.07667053 2.10459e-06
1747735283.242 96.430 0.07670498 1.93262e-06
1747735283.252 96.506 0.07673478 1.89545e-06
1747735283.262 96.581 0.07678599 1.79628e-06
1747735283.272 96.657 0.07681951 1.64454e-06
1747735283.282 96.733 0.07689400 1.60972e-06
1747735283.292 96.808 0.07695918 1.40329e-06
1747735283.302 96.884 0.07699177 1.38849e-06
1747735283.312 96.959 0.07703367 1.26889e-06
1747735283.322 97.035 0.07708395 1.23005e-06
1747735283.332 97.110 0.07714727 1.16001e-06
1747735283.342 97.185 0.07720966 1.01259e-06
1747735283.352 97.260 0.07726460 9.70112e-07
1747735283.362 97.335 0.07732046 8.45095e-07
1747735283.372 97.410 0.07737353 7.69879e-07
1747735283.382 97.486 0.07743592 7.49035e-07
1747735283.392 97.560 0.07748806 6.07788e-07
1747735283.402 97.635 0.07753835 6.31631e-07
1747735283.412 97.710 0.07758863 5.87799e-07
1747735283.422 97.785 0.07766591 5.88318e-07
1747735283.432 97.860 0.07773482 6.20146e-07
1747735283.449 97.934 0.07781955 5.84450e-07
1747735283.454 98.009 0.07789218 5.29843e-07
1747735283.462 98.084 0.07789218 5.85826e-07
1747735283.472 98.158 0.07796574 5.67623e-07
1747735283.482 98.233 0.07802533 6.24506e-07
1747735283.492 98.307 0.07806537 5.52529e-07
1747735283.502 98.381 0.07812310 6.34334e-07
1747735283.512 98.456 0.07819666 6.45339e-07
1747735283.522 98.530 0.07824135 7.05521e-07
1747735283.532 98.604 0.07831305 8.07067e-07
1747735283.542 98.678 0.07839313 7.81812e-07
1747735283.552 98.752 0.07847880 9.27568e-07
1747735283.562 98.826 0.07852814 9.95962e-07
1747735283.572 98.900 0.07859146 1.10730e-06
1747735283.582 98.974 0.07866129 1.21614e-06
1747735283.592 99.048 0.07870972 1.18554e-06
1747735283.602 99.122 0.07877117 1.31171e-06
1747735283.611 99.195 0.07882797 1.33669e-06
1747735283.622 99.269 0.07891922 1.42262e-06
1747735283.672 99.343 0.07926840 1.48781e-06
1747735283.681 99.416 0.07926840 1.52648e-06
1747735283.691 99.490 0.07931495 1.43232e-06
1747735283.701 99.563 0.07937268 1.55472e-06
1747735283.711 99.637 0.07944624 1.68495e-06
1747735283.721 99.710 0.07949373 1.95195e-06
1747735283.731 99.783 0.07953097 2.58756e-06
1747735283.741 99.856 0.07960360 2.82506e-06
1747735283.751 99.930 0.07963433 3.53082e-06
1747735283.761 100.003 0.07969206 4.10633e-06
1747735283.771 100.076 0.07978890 4.91588e-06
1747735283.781 100.149 0.07982615 5.93565e-06
1747735283.791 100.222 0.07984291 7.03208e-06
1747735283.801 100.295 0.07990808 8.41258e-06
1747735283.811 100.368 0.07992671 9.37934e-06
1747735283.821 100.440 0.07998071 1.06958e-05
1747735283.831 100.513 0.08001982 1.23122e-05
1747735283.841 100.586 0.08003472 1.35871e-05
1747735283.851 100.659 0.08006452 1.47235e-05
1747735283.861 100.731 0.08013994 1.54437e-05
1747735283.871 100.804 0.08020325 1.61826e-05
1747735283.881 100.876 0.08023025 1.68265e-05
1747735283.891 100.949 0.08024701 1.74030e-05
1747735283.901 101.021 0.08028519 1.81097e-05
1747735283.911 101.093 0.08032989 1.84174e-05
1747735283.921 101.166 0.08040159 1.93003e-05
1747735283.931 101.238 0.08045931 1.96983e-05
1747735283.941 101.310 0.08051612 1.99884e-05
1747735283.951 101.382 0.08057943 1.94684e-05
1747735283.961 101.454 0.08060644 1.87450e-05
1747735283.971 101.526 0.08066789 1.81870e-05
1747735283.981 101.598 0.08071538 1.68895e-05
1747735283.991 101.670 0.08078800 1.58916e-05
1747735284.001 101.742 0.08084667 1.46204e-05
1747735284.011 101.814 0.08090160 1.34265e-05
1747735284.021 101.886 0.08098447 1.23519e-05
1747735284.031 101.958 0.08104221 1.13788e-05
1747735284.041 102.029 0.08108876 9.98459e-06
1747735284.051 102.101 0.08115301 8.47199e-06
1747735284.061 102.172 0.08119305 6.89083e-06
1747735284.071 102.244 0.08126568 5.31067e-06
1747735284.081 102.315 0.08134017 3.92835e-06
1747735284.091 102.387 0.08142397 2.71046e-06
1747735284.101 102.458 0.08148263 1.91473e-06
1747735284.111 102.530 0.08156736 1.33527e-06
1747735284.121 102.601 0.08164372 1.10309e-06
1747735284.131 102.672 0.08168375 9.49701e-07
1747735284.141 102.743 0.08173497 7.45564e-07
1747735284.151 102.814 0.08180481 7.17332e-07
1747735284.161 102.885 0.08186347 6.25742e-07
1747735284.171 102.957 0.08191934 6.04795e-07
1747735284.203 103.027 0.08216329 5.96277e-07
1747735284.225 103.098 0.08229179 4.23605e-07
1747735284.231 103.169 0.08229179 4.35550e-07
1747735284.241 103.240 0.08234486 3.89023e-07
1747735284.251 103.311 0.08236535 4.35231e-07
1747735284.261 103.382 0.08241563 4.23186e-07
1747735284.271 103.452 0.08250129 4.49188e-07
1747735284.281 103.523 0.08253388 4.87195e-07
1747735284.291 103.594 0.08258417 4.20314e-07
1747735284.301 103.664 0.08263910 4.80363e-07
1747735284.311 103.735 0.08268007 4.81805e-07
1747735284.321 103.805 0.08272011 5.12345e-07
1747735284.331 103.876 0.08276108 5.59163e-07
1747735284.341 103.946 0.08280857 4.73096e-07
1747735284.351 104.016 0.08286630 5.31184e-07
1747735284.361 104.086 0.08291937 5.05016e-07
1747735284.371 104.157 0.08296313 5.15164e-07
1747735284.381 104.227 0.08300131 5.26107e-07
1747735284.391 104.297 0.08303483 4.36482e-07
1747735284.401 104.367 0.08307673 4.76479e-07
1747735284.411 104.437 0.08313912 4.46352e-07
1747735284.421 104.507 0.08319219 4.57938e-07
1747735284.431 104.577 0.08321175 4.69927e-07
1747735284.441 104.647 0.08327413 3.88001e-07
1747735284.451 104.717 0.08328996 4.47688e-07
1747735284.461 104.786 0.08334397 4.39075e-07
1747735284.471 104.856 0.08339611 4.79973e-07
1747735284.481 104.926 0.08343987 5.25407e-07
1747735284.491 104.996 0.08350692 4.51196e-07
1747735284.501 105.065 0.08355348 5.21359e-07
1747735284.511 105.135 0.08360189 5.13592e-07
1747735284.521 105.204 0.08366801 5.32413e-07
1747735284.531 105.274 0.08369873 5.45087e-07
1747735284.541 105.343 0.08375646 4.45429e-07
1747735284.551 105.413 0.08382071 4.89566e-07
1747735284.561 105.482 0.08389520 4.47830e-07
1747735284.571 105.551 0.08394548 4.50186e-07
1747735284.581 105.620 0.08399855 4.52062e-07
1747735284.591 105.690 0.08407212 3.53675e-07
1747735284.601 105.759 0.08411216 4.12149e-07
1747735284.611 105.828 0.08419596 4.25743e-07
1747735284.621 105.897 0.08424438 4.81920e-07
1747735284.631 105.966 0.08431049 5.70311e-07
1747735284.641 106.035 0.08438405 6.57602e-07
1747735284.651 106.104 0.08443339 8.76964e-07
1747735284.661 106.173 0.08448182 1.17867e-06
1747735284.671 106.242 0.08458052 1.58744e-06
1747735284.681 106.310 0.08465407 2.64381e-06
1747735284.691 106.379 0.08468760 3.19129e-06
1747735284.701 106.448 0.08474905 5.36469e-06
1747735284.711 106.516 0.08480771 8.09365e-06
1747735284.721 106.585 0.08485147 1.12559e-05
1747735284.758 106.654 0.08509171 6.09318e-05
1747735284.765 106.722 0.08515130 7.28414e-05
1747735284.771 106.791 0.08515130 8.69479e-05
1747735284.781 106.859 0.08521090 9.87231e-05
1747735284.791 106.927 0.08526862 1.22532e-04
1747735284.801 106.996 0.08529842 1.55225e-04
1747735284.811 107.064 0.08535708 1.75773e-04
1747735284.821 107.132 0.08539898 2.13226e-04
1747735284.831 107.201 0.08543995 2.36651e-04
1747735284.841 107.269 0.08548372 2.71091e-04
1747735284.851 107.337 0.08555542 3.10520e-04
1747735284.861 107.405 0.08559731 3.20077e-04
1747735284.871 107.473 0.08566250 3.28609e-04
1747735284.881 107.541 0.08568950 3.44742e-04
1747735284.891 107.609 0.08575561 3.54848e-04
1747735284.901 107.677 0.08580123 3.68102e-04
1747735284.911 107.745 0.08581241 3.70196e-04
1747735284.921 107.813 0.08585617 3.67672e-04
1747735284.931 107.880 0.08588876 3.59573e-04
1747735284.941 107.948 0.08594556 3.52799e-04
1747735284.951 108.016 0.08600888 3.49254e-04
1747735284.961 108.083 0.08606102 3.39277e-04
1747735284.971 108.151 0.08611130 3.42152e-04
1747735284.981 108.219 0.08614389 3.43345e-04
1747735284.991 108.286 0.08618858 3.25119e-04
1747735285.001 108.354 0.08626959 3.24720e-04
1747735285.011 108.421 0.08632360 3.26014e-04
1747735285.021 108.489 0.08636178 3.22679e-04
1747735285.031 108.556 0.08642416 3.23207e-04
1747735285.041 108.623 0.08647258 3.10613e-04
1747735285.051 108.691 0.08651914 2.99887e-04
1747735285.061 108.758 0.08654707 2.89852e-04
1747735285.071 108.825 0.08661597 2.82272e-04
1747735285.081 108.892 0.08668674 2.66248e-04
1747735285.091 108.959 0.08672864 2.54670e-04
1747735285.101 109.026 0.08675565 2.45774e-04
1747735285.111 109.093 0.08682548 2.22331e-04
1747735285.121 109.160 0.08691580 2.06733e-04
1747735285.131 109.227 0.08695956 1.87718e-04
1747735285.141 109.294 0.08701171 1.64447e-04
1747735285.151 109.361 0.08706106 1.45902e-04
1747735285.161 109.428 0.08712903 1.18596e-04
1747735285.171 109.495 0.08716907 9.20928e-05
1747735285.181 109.561 0.08723611 6.90517e-05
1747735285.191 109.628 0.08731712 5.00721e-05
1747735285.201 109.695 0.08737299 3.52508e-05
1747735285.211 109.761 0.08742048 2.56950e-05
1747735285.221 109.828 0.08747821 1.88734e-05
1747735285.231 109.895 0.08754152 1.36620e-05
1747735285.241 109.961 0.08760670 1.11430e-05
1747735285.251 110.028 0.08764116 9.08028e-06
1747735285.261 110.094 0.08768306 7.63868e-06
1747735285.312 110.160 0.08802571 4.74893e-06
1747735285.321 110.227 0.08802571 3.51388e-06
1747735285.331 110.293 0.08807134 3.35186e-06
1747735285.341 110.359 0.08810952 2.98262e-06
1747735285.351 110.426 0.08815979 2.74555e-06
1747735285.361 110.492 0.08822591 2.44696e-06
1747735285.371 110.558 0.08828830 2.26150e-06
1747735285.381 110.624 0.08835440 2.01020e-06
1747735285.391 110.690 0.08837489 1.72066e-06
1747735285.401 110.756 0.08843076 1.64445e-06
1747735285.410 110.822 0.08845962 1.44664e-06
1747735285.420 110.888 0.08849314 1.35528e-06
1747735285.430 110.954 0.08852480 1.22189e-06
1747735285.440 111.020 0.08859743 1.05579e-06
1747735285.450 111.086 0.08861884 1.07921e-06
1747735285.460 111.151 0.08864957 9.45597e-07
1747735285.470 111.217 0.08870544 9.32110e-07
1747735285.480 111.283 0.08874362 8.75818e-07
1747735285.490 111.349 0.08877621 7.62939e-07
1747735285.500 111.414 0.08882649 7.82437e-07
1747735285.510 111.480 0.08886094 7.00800e-07
1747735285.520 111.545 0.08890191 6.88915e-07
1747735285.530 111.611 0.08893171 6.55987e-07
1747735285.540 111.676 0.08896988 5.61003e-07
1747735285.550 111.742 0.08900061 6.23012e-07
1747735285.560 111.807 0.08904437 5.63183e-07
1747735285.570 111.873 0.08907510 5.61713e-07
1747735285.580 111.938 0.08911607 5.29934e-07
1747735285.590 112.003 0.08916821 4.70091e-07
1747735285.600 112.068 0.08919615 5.07618e-07
1747735285.610 112.134 0.08927529 4.62016e-07
1747735285.620 112.199 0.08935351 4.58215e-07
1747735285.630 112.264 0.08941310 4.33281e-07
1747735285.640 112.329 0.08944290 3.82501e-07
1747735285.650 112.394 0.08947083 4.31820e-07
1747735285.660 112.459 0.08952950 3.82625e-07
1747735285.670 112.524 0.08959467 3.99492e-07
1747735285.680 112.589 0.08965147 3.86627e-07
1747735285.690 112.654 0.08974552 3.30743e-07
1747735285.700 112.719 0.08980697 4.16504e-07
1747735285.710 112.784 0.08982932 3.99211e-07
1747735285.720 112.849 0.08990102 4.22978e-07
1747735285.730 112.913 0.08996620 4.28141e-07
1747735285.740 112.978 0.09000903 3.93811e-07
1747735285.750 113.043 0.09006583 4.99277e-07
1747735285.760 113.107 0.09013939 4.85078e-07
1747735285.770 113.172 0.09020084 5.73326e-07
1747735285.780 113.237 0.09023157 5.87496e-07
1747735285.790 113.301 0.09029489 5.74602e-07
1747735285.800 113.366 0.09036938 7.25305e-07
1747735285.810 113.430 0.09043642 7.34140e-07
1747735285.842 113.495 0.09060961 8.35715e-07
1747735285.865 113.559 0.09072134 1.01568e-06
1747735285.871 113.623 0.09077070 1.01963e-06
1747735285.880 113.688 0.09077070 1.10795e-06
1747735285.890 113.752 0.09083122 1.00950e-06
1747735285.900 113.816 0.09085543 1.10289e-06
1747735285.910 113.880 0.09091316 1.02937e-06
1747735285.920 113.945 0.09094948 1.07007e-06
1747735285.930 114.009 0.09102303 1.04232e-06
1747735285.940 114.073 0.09106587 9.83635e-07
1747735285.950 114.137 0.09109566 1.03222e-06
1747735285.960 114.201 0.09114315 9.63525e-07
1747735285.970 114.265 0.09119995 9.55282e-07
1747735285.980 114.329 0.09122881 9.18220e-07
1747735285.990 114.393 0.09125395 8.47502e-07
1747735286.000 114.457 0.09130517 8.94989e-07
1747735286.010 114.521 0.09134055 8.44938e-07
1747735286.020 114.584 0.09137779 8.53187e-07
1747735286.030 114.648 0.09141690 8.21229e-07
1747735286.040 114.712 0.09146346 7.04960e-07
1747735286.050 114.776 0.09150257 7.88006e-07
1747735286.060 114.839 0.09154912 7.44348e-07
1747735286.070 114.903 0.09156402 7.94671e-07
1747735286.080 114.967 0.09160965 7.33523e-07
1747735286.090 115.030 0.09166179 6.60512e-07
1747735286.100 115.094 0.09170742 7.55256e-07
1747735286.110 115.157 0.09174001 7.20557e-07
1747735286.120 115.221 0.09180519 7.75497e-07
1747735286.130 115.284 0.09185919 7.58952e-07
1747735286.140 115.347 0.09188899 7.14865e-07
1747735286.150 115.411 0.09192344 8.12173e-07
1747735286.160 115.474 0.09197372 7.68800e-07
1747735286.170 115.537 0.09203146 8.07519e-07
1747735286.180 115.601 0.09208918 8.05156e-07
1747735286.190 115.664 0.09215902 7.31324e-07
1747735286.200 115.727 0.09221768 8.02850e-07
1747735286.210 115.790 0.09225958 7.42504e-07
1747735286.220 115.853 0.09232290 7.51783e-07
1747735286.230 115.916 0.09238435 7.12079e-07
1747735286.240 115.980 0.09245512 6.19365e-07
1747735286.250 116.043 0.09250354 6.81821e-07
1747735286.260 116.106 0.09252775 6.18170e-07
1747735286.270 116.169 0.09259945 6.04089e-07
1747735286.280 116.231 0.09266649 5.45174e-07
1747735286.290 116.294 0.09272701 4.38786e-07
1747735286.300 116.357 0.09278753 4.81436e-07
1747735286.310 116.420 0.09283409 3.89184e-07
1747735286.320 116.483 0.09284806 3.76407e-07
1747735286.330 116.545 0.09290858 2.95573e-07
1747735286.340 116.608 0.09299424 2.03468e-07
1747735286.350 116.671 0.09303801 2.76006e-07
1747735286.360 116.734 0.09309201 1.96533e-07
1747735286.398 116.796 0.09329314 1.69866e-07
1747735286.406 116.859 0.09332852 1.66199e-07
1747735286.416 116.921 0.09337043 1.85857e-07
1747735286.424 116.984 0.09343467 1.57473e-07
1747735286.432 117.046 0.09348775 1.87015e-07
1747735286.440 117.109 0.09353430 1.59391e-07
1747735286.450 117.171 0.09353430 1.85105e-07
1747735286.460 117.233 0.09358366 1.51334e-07
1747735286.470 117.296 0.09363766 1.85993e-07
1747735286.481 117.358 0.09372053 1.79327e-07
1747735286.490 117.420 0.09372053 1.56336e-07
1747735286.500 117.483 0.09376988 1.72454e-07
1747735286.510 117.545 0.09378198 1.49334e-07
1747735286.520 117.607 0.09383785 1.76693e-07
1747735286.530 117.669 0.09390210 1.48102e-07
1747735286.540 117.731 0.09394493 1.15835e-07
1747735286.550 117.793 0.09396542 1.92865e-07
1747735286.560 117.855 0.09399521 1.42697e-07
1747735286.570 117.917 0.09402688 1.68053e-07
1747735286.580 117.979 0.09409205 1.47320e-07
1747735286.590 118.041 0.09415165 1.10734e-07
1747735286.600 118.103 0.09416654 1.89779e-07
1747735286.610 118.165 0.09420472 1.36816e-07
1747735286.620 118.227 0.09424289 1.62932e-07
1747735286.630 118.289 0.09430342 1.39316e-07
1747735286.640 118.351 0.09436302 1.01443e-07
1747735286.650 118.412 0.09441702 1.82543e-07
1747735286.660 118.474 0.09444588 1.32438e-07
1747735286.670 118.536 0.09447661 1.59565e-07
1747735286.680 118.597 0.09452969 1.39252e-07
1747735286.690 118.659 0.09461535 1.06335e-07
1747735286.700 118.721 0.09464980 1.87424e-07
1747735286.710 118.782 0.09467960 1.37732e-07
1747735286.720 118.844 0.09474571 1.53305e-07
1747735286.730 118.905 0.09479692 1.32278e-07
1747735286.740 118.967 0.09480903 1.10863e-07
1747735286.750 119.028 0.09488352 1.87796e-07
1747735286.760 119.090 0.09494311 1.36980e-07
1747735286.770 119.151 0.09500363 1.56848e-07
1747735286.780 119.212 0.09505671 1.44634e-07
1747735286.790 119.274 0.09513213 1.09759e-07
1747735286.800 119.335 0.09516751 1.92150e-07
1747735286.810 119.396 0.09521128 1.36684e-07
1747735286.820 119.457 0.09525690 1.56719e-07
1747735286.830 119.519 0.09530532 1.34575e-07
1747735286.840 119.580 0.09535560 1.11587e-07
1747735286.850 119.641 0.09545151 1.87109e-07
1747735286.860 119.702 0.09548410 1.31003e-07
1747735286.870 119.763 0.09552600 1.52691e-07
1747735286.880 119.824 0.09559118 1.37282e-07
1747735286.890 119.885 0.09562563 1.14172e-07
1747735286.900 119.946 0.09569733 1.84657e-07
1747735286.951 120.007 0.09594501 1.49438e-07
1747735286.960 120.068 0.09594501 1.23151e-07
1747735286.970 120.129 0.09602043 1.45150e-07
1747735286.980 120.190 0.09608468 1.26006e-07
1747735286.990 120.250 0.09612658 1.05196e-07
1747735287.000 120.311 0.09619362 1.75956e-07
1747735287.010 120.372 0.09621318 1.14428e-07
1747735287.020 120.433 0.09625415 1.39378e-07
1747735287.030 120.493 0.09631001 1.22807e-07
1747735287.040 120.554 0.09631746 1.08491e-07
1747735287.050 120.615 0.09634726 2.03154e-07
1747735287.060 120.675 0.09640313 1.65489e-07
1747735287.070 120.736 0.09645900 2.01149e-07
1747735287.080 120.796 0.09649904 2.25373e-07
1747735287.090 120.857 0.09650648 2.38098e-07
1747735287.100 120.917 0.09653721 3.40342e-07
1747735287.110 120.978 0.09661356 4.43197e-07
1747735287.120 121.038 0.09665639 4.79750e-07
1747735287.130 121.099 0.09668340 5.98601e-07
1747735287.140 121.159 0.09671040 6.44594e-07
1747735287.150 121.219 0.09675416 8.87795e-07
1747735287.160 121.279 0.09679886 9.12870e-07
1747735287.170 121.340 0.09682493 1.34377e-06
1747735287.180 121.400 0.09684821 1.53304e-06
1747735287.189 121.460 0.09687056 1.39444e-06
1747735287.199 121.520 0.09688825 1.94661e-06
1747735287.209 121.581 0.09694877 2.02025e-06
1747735287.220 121.641 0.09700091 2.21901e-06
1747735287.229 121.701 0.09705865 2.81497e-06
1747735287.239 121.761 0.09709496 2.95018e-06
1747735287.250 121.821 0.09712476 3.29888e-06
1747735287.259 121.881 0.09716573 3.79563e-06
1747735287.269 121.941 0.09722067 4.11602e-06
1747735287.279 122.001 0.09728864 4.44765e-06
1747735287.289 122.061 0.09735940 4.81616e-06
1747735287.299 122.120 0.09741061 5.30341e-06
1747735287.309 122.180 0.09742737 5.68807e-06
1747735287.319 122.240 0.09748138 5.88659e-06
1747735287.329 122.300 0.09754843 6.15185e-06
1747735287.339 122.360 0.09760802 6.74275e-06
1747735287.349 122.419 0.09765550 6.81258e-06
1747735287.359 122.479 0.09770020 7.09552e-06
1747735287.369 122.539 0.09778680 7.16012e-06
1747735287.379 122.598 0.09778121 7.38343e-06
1747735287.389 122.658 0.09783614 7.33713e-06
1747735287.399 122.718 0.09792088 7.53724e-06
1747735287.409 122.777 0.09800003 8.00675e-06
1747735287.419 122.837 0.09803448 7.74206e-06
1747735287.429 122.896 0.09806241 7.48094e-06
1747735287.439 122.956 0.09809593 7.97946e-06
1747735287.449 123.015 0.09814807 8.13923e-06
1747735287.459 123.075 0.09822443 8.01800e-06
1747735287.506 123.134 0.09845907 7.80963e-06
1747735287.512 123.193 0.09850377 7.76566e-06
1747735287.519 123.253 0.09850377 7.84237e-06
1747735287.529 123.312 0.09854008 7.74352e-06
1747735287.539 123.371 0.09858291 7.43080e-06
1747735287.549 123.431 0.09862574 7.59073e-06
1747735287.559 123.490 0.09867696 7.20348e-06
1747735287.569 123.549 0.09873469 7.23184e-06
1747735287.579 123.608 0.09876263 7.16376e-06
1747735287.589 123.667 0.09880918 6.91106e-06
1747735287.599 123.726 0.09886691 6.74864e-06
1747735287.609 123.785 0.09890229 6.55896e-06
1747735287.619 123.844 0.09893116 6.56787e-06
1747735287.629 123.903 0.09898703 6.15149e-06
1747735287.639 123.962 0.09902800 6.08558e-06
1747735287.649 124.021 0.09904383 5.95226e-06
1747735287.659 124.080 0.09908293 5.68980e-06
1747735287.669 124.139 0.09911273 5.50788e-06
1747735287.679 124.198 0.09914625 5.54426e-06
1747735287.689 124.257 0.09918908 5.24582e-06
1747735287.699 124.316 0.09924216 5.30660e-06
1747735287.709 124.375 0.09928033 5.11722e-06
1747735287.719 124.433 0.09932689 5.01829e-06
1747735287.729 124.492 0.09935296 5.00561e-06
1747735287.739 124.551 0.09937717 4.88924e-06
1747735287.749 124.609 0.09940883 5.00448e-06
1747735287.759 124.668 0.09945911 4.93966e-06
1747735287.769 124.727 0.09950101 4.98421e-06
1747735287.779 124.785 0.09950846 5.00542e-06
1747735287.789 124.844 0.09957830 4.99740e-06
1747735287.799 124.902 0.09964254 5.17127e-06
1747735287.809 124.961 0.09969283 5.17391e-06
1747735287.819 125.019 0.09972821 5.34073e-06
1747735287.829 125.078 0.09977942 5.33540e-06
1747735287.839 125.136 0.09984832 5.40536e-06
1747735287.849 125.195 0.09991816 5.58512e-06
1747735287.859 125.253 0.09993864 5.71917e-06
1747735287.869 125.312 0.09996565 5.80683e-06
1747735287.879 125.370 0.10002524 5.85736e-06
1747735287.889 125.428 0.10009508 5.72635e-06
1747735287.899 125.486 0.10013325 5.77576e-06
1747735287.909 125.545 0.10018539 5.61984e-06
1747735287.919 125.603 0.10022078 5.58971e-06
1747735287.929 125.661 0.10028224 5.43920e-06
1747735287.939 125.719 0.10035393 5.28880e-06
1747735287.949 125.777 0.10039303 5.17779e-06
1747735287.959 125.836 0.10043867 4.94089e-06
1747735287.969 125.894 0.10046195 4.71500e-06
1747735287.979 125.952 0.10051688 4.47906e-06
1747735287.989 126.010 0.10061278 4.17702e-06
1747735287.999 126.068 0.10068169 3.97985e-06
1747735288.009 126.126 0.10072452 3.58899e-06
1747735288.055 126.184 0.10093310 2.48151e-06
1747735288.064 126.242 0.10098152 1.77884e-06
1747735288.069 126.299 0.10101224 1.52274e-06
1747735288.079 126.357 0.10101224 1.47521e-06
1747735288.089 126.415 0.10105600 1.25521e-06
1747735288.099 126.473 0.10108953 9.04348e-07
1747735288.109 126.531 0.10115005 7.75404e-07
1747735288.119 126.589 0.10118916 7.19480e-07
1747735288.129 126.646 0.10123851 6.45998e-07
1747735288.139 126.704 0.10129437 5.37718e-07
1747735288.149 126.762 0.10130928 5.67121e-07
1747735288.159 126.819 0.10132325 4.51780e-07
1747735288.169 126.877 0.10140146 4.33705e-07
1747735288.179 126.935 0.10144987 3.91238e-07
1747735288.189 126.992 0.10144615 3.08725e-07
1747735288.199 127.050 0.10149550 3.62998e-07
1747735288.209 127.107 0.10153927 2.63878e-07
1747735288.219 127.165 0.10154206 2.37723e-07
1747735288.229 127.222 0.10158024 2.05925e-07
1747735288.239 127.280 0.10162959 1.47598e-07
1747735288.249 127.337 0.10168918 1.98970e-07
1747735288.259 127.395 0.10167800 1.19775e-07
1747735288.269 127.452 0.10172364 1.47048e-07
1747735288.279 127.509 0.10178229 9.94131e-08
1747735288.289 127.567 0.10182419 7.15157e-08
1747735288.299 127.624 0.10187820 1.19241e-07
1747735288.347 127.681 0.10208025 4.36107e-08
1747735288.353 127.738 0.10212681 -2.40720e-08
1747735288.402 127.796 0.10237263 3.50762e-08
1747735288.409 127.853 0.10237263 2.87855e-08
1747735288.419 127.910 0.10239964 5.35848e-08
1747735288.429 127.967 0.10245085 2.76628e-08
1747735288.439 128.024 0.10249368 2.43300e-08
1747735288.449 128.081 0.10253465 8.58484e-08
1747735288.497 128.138 0.10275905 4.54621e-08
1747735288.608 128.195 0.10296576 1.52806e-06
1747735288.614 128.252 0.10299835 1.21421e-06
1747735288.619 128.309 0.10301883 1.67944e-06
1747735288.629 128.366 0.10303001 2.05063e-06
1747735288.639 128.423 0.10303001 2.17458e-06
1747735288.649 128.480 0.10305516 3.41900e-06
1747735288.659 128.537 0.10307750 2.27889e-06
1747735288.669 128.594 0.10308588 4.13041e-06
1747735288.679 128.651 0.10307471 5.20449e-06
1747735288.689 128.708 0.10310451 4.99725e-06
1747735288.699 128.764 0.10310730 6.24255e-06
1747735288.709 128.821 0.10311661 6.39620e-06
1747735288.719 128.878 0.10309054 7.42476e-06
1747735288.729 128.935 0.10312126 7.32916e-06
1747735288.739 128.991 0.10314454 8.19655e-06
1747735288.749 129.048 0.10315385 6.93775e-06
1747735288.759 129.105 0.10318085 9.85015e-06
1747735288.769 129.161 0.10319203 9.17301e-06
1747735288.779 129.218 0.10322555 1.18106e-05
1747735288.789 129.274 0.10323579 1.20164e-05
1747735288.799 129.331 0.10325441 1.32039e-05
1747735288.809 129.387 0.10329353 1.39881e-05
1747735288.819 129.444 0.10333915 1.56035e-05
1747735288.829 129.500 0.10335312 1.81271e-05
1747735288.839 129.557 0.10339874 1.87073e-05
1747735288.849 129.613 0.10342667 2.36472e-05
1747735288.859 129.670 0.10350769 2.76279e-05
1747735288.869 129.726 0.10356076 2.67170e-05
1747735288.879 129.782 0.10360173 3.13739e-05
1747735288.889 129.839 0.10363711 3.82631e-05
1747735288.899 129.895 0.10369856 4.22520e-05
1747735288.909 129.951 0.10375351 4.95499e-05
1747735288.919 130.008 0.10375630 5.32194e-05
1747735288.929 130.064 0.10382054 5.87967e-05
1747735288.939 130.120 0.10389224 6.20700e-05
1747735288.949 130.176 0.10396394 6.95070e-05
1747735288.959 130.232 0.10401981 7.48184e-05
1747735288.968 130.288 0.10405891 8.05710e-05
1747735288.978 130.344 0.10410361 8.62021e-05
1747735288.988 130.401 0.10414737 9.02801e-05
1747735288.998 130.457 0.10419952 9.43605e-05
1747735289.008 130.513 0.10425073 9.74513e-05
1747735289.018 130.569 0.10433732 9.98597e-05
1747735289.028 130.625 0.10436898 1.04504e-04
1747735289.038 130.681 0.10441834 1.10237e-04
1747735289.048 130.737 0.10447048 1.15014e-04
1747735289.058 130.792 0.10448351 1.09110e-04
1747735289.068 130.848 0.10453658 1.09155e-04
1747735289.078 130.904 0.10458314 1.17727e-04
1747735289.088 130.960 0.10463343 1.14895e-04
1747735289.098 131.016 0.10468371 1.11145e-04
1747735289.108 131.072 0.10471350 1.17288e-04
1747735289.139 131.127 0.10485224 1.21843e-04
1747735289.149 131.183 0.10493697 1.19325e-04
1747735289.158 131.239 0.10493697 1.23149e-04
1747735289.168 131.295 0.10497422 1.26103e-04
1747735289.178 131.350 0.10500308 1.33717e-04
1747735289.188 131.406 0.10503474 1.31453e-04
1747735289.198 131.461 0.10507199 1.33545e-04
1747735289.208 131.517 0.10513810 1.38471e-04
1747735289.218 131.573 0.10513438 1.34996e-04
1747735289.228 131.628 0.10519210 1.39405e-04
1747735289.238 131.684 0.10525357 1.38320e-04
1747735289.248 131.739 0.10528895 1.35221e-04
1747735289.258 131.795 0.10532154 1.36766e-04
1747735289.268 131.850 0.10534761 1.35267e-04
1747735289.278 131.906 0.10538485 1.34321e-04
1747735289.288 131.961 0.10545003 1.34527e-04
1747735289.298 132.016 0.10548261 1.28667e-04
1747735289.308 132.072 0.10551149 1.33537e-04
1747735289.318 132.127 0.10554221 1.28784e-04
1747735289.328 132.182 0.10559342 1.27868e-04
1747735289.338 132.238 0.10564743 1.30891e-04
1747735289.348 132.293 0.10568002 1.27182e-04
1747735289.358 132.348 0.10573030 1.24486e-04
1747735289.368 132.403 0.10577593 1.17792e-04
1747735289.378 132.459 0.10578803 1.13576e-04
1747735289.388 132.514 0.10583272 1.07901e-04
1747735289.398 132.569 0.10584483 1.07531e-04
1747735289.408 132.624 0.10590256 1.03282e-04
1747735289.418 132.679 0.10596123 9.53143e-05
1747735289.428 132.734 0.10600778 9.13972e-05
1747735289.438 132.789 0.10603851 8.70113e-05
1747735289.448 132.844 0.10608227 8.31519e-05
1747735289.458 132.900 0.10613627 8.10776e-05
1747735289.468 132.955 0.10617166 7.65865e-05
1747735289.478 133.009 0.10621729 7.45726e-05
1747735289.488 133.064 0.10627036 7.25708e-05
1747735289.498 133.119 0.10631040 7.09397e-05
1747735289.508 133.174 0.10634298 7.02740e-05
1747735289.518 133.229 0.10642400 6.92519e-05
1747735289.528 133.284 0.10647148 6.75093e-05
1747735289.538 133.339 0.10651245 6.66086e-05
1747735289.548 133.394 0.10655714 6.55409e-05
1747735289.558 133.448 0.10660371 7.36117e-05
1747735289.568 133.503 0.10665026 7.15328e-05
1747735289.578 133.558 0.10668471 6.83574e-05
1747735289.588 133.613 0.10673406 6.79689e-05
1747735289.598 133.667 0.10678713 6.66066e-05
1747735289.608 133.722 0.10682718 6.65532e-05
1747735289.618 133.777 0.10689981 6.68237e-05
1747735289.628 133.831 0.10692681 6.58199e-05
1747735289.638 133.886 0.10696219 6.68732e-05
1747735289.648 133.941 0.10702643 6.63573e-05
1747735289.699 133.995 0.10728157 6.85713e-05
1747735289.708 134.050 0.10728157 6.89954e-05
1747735289.718 134.104 0.10731416 6.90598e-05
1747735289.728 134.159 0.10735885 6.67636e-05
1747735289.738 134.213 0.10740541 6.60682e-05
1747735289.748 134.268 0.10742496 6.47275e-05
1747735289.758 134.322 0.10746779 6.45546e-05
1747735289.768 134.377 0.10751343 6.29204e-05
1747735289.778 134.431 0.10754974 6.10762e-05
1747735289.788 134.485 0.10758791 5.86413e-05
1747735289.798 134.540 0.10764005 5.74842e-05
1747735289.808 134.594 0.10768661 5.61104e-05
1747735289.818 134.648 0.10772666 5.49012e-05
1747735289.828 134.703 0.10773690 5.26967e-05
1747735289.838 134.757 0.10777694 5.11800e-05
1747735289.848 134.811 0.10780207 4.91788e-05
1747735289.858 134.865 0.10781790 4.78347e-05
1747735289.868 134.920 0.10787749 3.17967e-05
1747735289.878 134.974 0.10790263 3.33501e-05
1747735289.888 135.028 0.10793709 3.35515e-05
1747735289.898 135.082 0.10796130 3.38090e-05
1747735289.908 135.136 0.10800413 3.40931e-05
1747735289.918 135.190 0.10804044 3.33660e-05
1747735289.928 135.244 0.10804044 3.12048e-05
1747735289.938 135.298 0.10807303 2.99782e-05
1747735289.948 135.352 0.10811960 2.84594e-05
1747735289.958 135.406 0.10813448 2.72577e-05
1747735289.968 135.460 0.10817267 2.63084e-05
1747735289.978 135.514 0.10821084 2.40751e-05
1747735289.988 135.568 0.10826950 2.25966e-05
1747735289.998 135.622 0.10830768 2.17735e-05
1747735290.008 135.676 0.10836076 2.03550e-05
1747735290.018 135.730 0.10840825 1.94595e-05
1747735290.028 135.784 0.10843804 1.80563e-05
1747735290.038 135.838 0.10847994 1.73255e-05
1747735290.048 135.891 0.10855536 1.64389e-05
1747735290.058 135.945 0.10861310 1.56905e-05
1747735290.068 135.999 0.10864755 1.49636e-05
1747735290.078 136.053 0.10867082 1.38660e-05
1747735290.088 136.106 0.10872855 1.32696e-05
1747735290.098 136.160 0.10875276 1.30347e-05
1747735290.108 136.214 0.10879188 1.21924e-05
1747735290.118 136.267 0.10887009 1.18547e-05
1747735290.128 136.321 0.10892502 1.09995e-05
1747735290.138 136.375 0.10897065 1.05554e-05
1747735290.148 136.428 0.10900975 9.98788e-06
1747735290.158 136.482 0.10904328 9.44975e-06
1747735290.168 136.535 0.10910101 9.23111e-06
1747735290.178 136.589 0.10913173 8.56773e-06
1747735290.188 136.642 0.10920157 8.21237e-06
1747735290.198 136.696 0.10925372 7.90308e-06
1747735290.228 136.749 0.10944088 7.42058e-06
1747735290.252 136.803 0.10951164 5.83433e-06
1747735290.259 136.856 0.10952281 5.62051e-06
1747735290.268 136.910 0.10952281 5.41704e-06
1747735290.278 136.963 0.10958985 5.47213e-06
1747735290.288 137.016 0.10962244 5.09824e-06
1747735290.298 137.070 0.10967180 4.98197e-06
1747735290.308 137.123 0.10972115 4.56596e-06
1747735290.318 137.176 0.10975373 4.45974e-06
1747735290.328 137.230 0.10977980 4.39596e-06
1747735290.338 137.283 0.10980867 4.21817e-06
1747735290.348 137.336 0.10987478 4.11550e-06
1747735290.358 137.389 0.10990829 3.82662e-06
1747735290.368 137.443 0.10995765 3.78780e-06
1747735290.378 137.496 0.10996976 3.66717e-06
1747735290.388 137.549 0.11001352 3.52149e-06
1747735290.398 137.602 0.11002748 3.49313e-06
1747735290.408 137.655 0.11008428 3.27486e-06
1747735290.418 137.708 0.11011966 3.18381e-06
1747735290.428 137.761 0.11014481 3.12792e-06
1747735290.438 137.815 0.11016902 3.14035e-06
1747735290.448 137.868 0.11019044 3.00386e-06
1747735290.458 137.921 0.11024537 2.84123e-06
1747735290.468 137.974 0.11025654 2.78426e-06
1747735290.478 138.027 0.11029099 2.67575e-06
1747735290.488 138.080 0.11031986 2.71801e-06
1747735290.498 138.132 0.11036084 2.67320e-06
1747735290.508 138.185 0.11041856 2.36423e-06
1747735290.518 138.238 0.11042694 2.31846e-06
1747735290.528 138.291 0.11046884 1.91236e-06
1747735290.538 138.344 0.11049864 1.86651e-06
1747735290.548 138.397 0.11056662 2.03113e-06
1747735290.558 138.450 0.11059827 1.89155e-06
1747735290.568 138.502 0.11064204 1.91763e-06
1747735290.578 138.555 0.11071745 1.77659e-06
1747735290.588 138.608 0.11072770 1.88369e-06
1747735290.598 138.661 0.11074725 1.75266e-06
1747735290.608 138.713 0.11084037 1.62095e-06
1747735290.618 138.766 0.11089251 1.66417e-06
1747735290.628 138.819 0.11091020 1.60661e-06
1747735290.640 138.871 0.11102939 1.48460e-06
1747735290.648 138.924 0.11102939 1.58015e-06
1747735290.658 138.977 0.11107129 1.47051e-06
1747735290.668 139.029 0.11111319 1.49704e-06
1747735290.678 139.082 0.11116626 1.42386e-06
1747735290.688 139.134 0.11122307 1.46018e-06
