1761204145.091 33.800 0.03264929 -1.35547e-08
1761204145.157 33.935 0.03262043 4.53000e-09
1761204145.207 34.070 0.03262322 -1.60970e-09
1761204145.215 34.204 0.03262322 1.04921e-08
1761204145.225 34.337 0.03264371 5.42456e-08
1761204145.273 34.470 0.03266792 2.34956e-08
1761204145.279 34.602 0.03268002 6.98410e-09
1761204145.285 34.734 0.03268002 4.88339e-08
1761204145.295 34.866 0.03271075 -1.25593e-08
1761204145.305 34.997 0.03271820 5.29151e-08
1761204145.315 35.127 0.03274334 1.94337e-08
1761204145.325 35.257 0.03276662 5.58901e-08
1761204145.335 35.386 0.03278803 3.02890e-08
1761204145.345 35.515 0.03282807 -1.25149e-08
1761204145.355 35.644 0.03285321 5.29911e-08
1761204145.403 35.772 0.03306272 4.36428e-08
1761204145.453 35.899 0.03343889 4.64038e-08
1761204145.503 36.026 0.03391377 8.43734e-08
1761204145.514 36.153 0.03401527 4.35712e-07
1761204145.519 36.279 0.03412049 1.14800e-06
1761204145.529 36.405 0.03420894 3.23620e-06
1761204145.535 36.530 0.03420894 5.55351e-06
1761204145.545 36.655 0.03429833 5.64989e-06
1761204145.555 36.780 0.03438027 4.34962e-06
1761204145.565 36.904 0.03448177 5.60461e-07
1761204145.575 37.028 0.03454881 2.03875e-07
1761204145.585 37.151 0.03459909 1.02416e-07
1761204145.595 37.274 0.03466706 9.99640e-09
1761204145.641 37.396 0.03486725 5.35600e-10
1761204145.648 37.518 0.03489426 4.18263e-08
1761204145.655 37.640 0.03489426 5.23606e-08
1761204145.703 37.761 0.03510283 4.65523e-08
1761204145.754 37.882 0.03539242 7.27417e-08
1761204145.804 38.002 0.03575742 7.12746e-08
1761204145.854 38.123 0.03610566 6.44406e-08
1761204145.904 38.242 0.03637011 5.95918e-08
1761204145.954 38.362 0.03647998 5.73749e-08
1761204146.004 38.481 0.03651443 5.46078e-08
1761204146.011 38.599 0.03651164 -1.71590e-09
1761204146.017 38.718 0.03652840 5.40278e-08
1761204146.024 38.835 0.03652840 -1.20300e-09
1761204146.072 38.953 0.03653957 4.15698e-08
1761204146.079 39.070 0.03653119 6.92260e-09
1761204146.085 39.187 0.03657123 4.54912e-08
1761204146.094 39.303 0.03657123 -5.29450e-09
1761204146.104 39.420 0.03658054 6.07889e-08
1761204146.192 39.535 0.03686733 1.56780e-08
1761204146.199 39.651 0.03692506 6.10344e-08
1761204146.205 39.766 0.03698838 4.37655e-08
1761204146.253 39.881 0.03724816 5.94276e-08
1761204146.305 39.995 0.03768673 4.53664e-08
1761204146.314 40.109 0.03768673 1.46490e-09
1761204146.324 40.223 0.03774911 6.28419e-08
1761204146.373 40.337 0.03799773 2.53106e-08
1761204146.380 40.450 0.03802846 1.53588e-08
1761204146.385 40.563 0.03807408 4.31347e-08
1761204146.433 40.675 0.03817744 6.76409e-08
1761204146.440 40.787 0.03820444 -1.37500e-09
1761204146.488 40.899 0.03831897 4.59787e-08
1761204146.495 41.011 0.03833945 5.82150e-09
1761204146.504 41.122 0.03833945 4.55571e-08
1761204146.570 41.233 0.03860017 6.17814e-08
1761204146.620 41.344 0.03879757 6.48760e-08
1761204146.670 41.454 0.03905736 6.82064e-08
1761204146.731 41.565 0.03927152 3.40449e-08
1761204146.738 41.674 0.03933298 5.34591e-08
1761204146.786 41.784 0.03944378 4.39050e-08
1761204146.836 41.893 0.03950896 5.28234e-08
1761204146.886 42.002 0.03958345 5.95499e-08
1761204146.937 42.111 0.03966260 7.50504e-08
1761204146.987 42.219 0.03977806 6.02524e-08
1761204147.055 42.327 0.03993728 4.76098e-08
1761204147.064 42.435 0.03993728 -3.19800e-10
1761204147.074 42.543 0.03997173 5.66217e-08
1761204147.123 42.650 0.04006950 2.82501e-08
1761204147.129 42.757 0.04008813 1.39580e-08
1761204147.135 42.864 0.04013841 5.71941e-08
1761204147.144 42.971 0.04013841 -1.08529e-08
1761204147.154 43.077 0.04013748 6.21904e-08
1761204147.220 43.183 0.04031346 5.76528e-08
1761204147.290 43.289 0.04057976 -1.01261e-08
1761204147.341 43.394 0.04084421 -1.08454e-08
1761204147.391 43.499 0.04109189 -1.01333e-08
1761204147.441 43.604 0.04123994 -1.09604e-08
1761204147.491 43.709 0.04130326 -1.01993e-08
1761204147.541 43.813 0.04133398 -7.96690e-09
1761204147.591 43.918 0.04135447 -6.79770e-09
1761204147.641 44.022 0.04141685 -7.11620e-09
1761204147.691 44.125 0.04152673 -5.70030e-09
1761204147.742 44.229 0.04165522 -4.51620e-09
1761204147.792 44.332 0.04176137 -2.36090e-09
1761204147.842 44.435 0.04184518 3.78890e-08
1761204147.849 44.538 0.04187032 6.31213e-08
1761204147.855 44.640 0.04190011 3.44582e-08
1761204147.903 44.743 0.04198298 6.55943e-08
1761204147.954 44.845 0.04208541 4.77265e-08
1761204148.005 44.947 0.04220459 4.67474e-08
1761204148.055 45.048 0.04237965 4.61622e-08
1761204148.064 45.149 0.04237965 -4.68340e-09
1761204148.074 45.251 0.04240013 6.05090e-08
1761204148.122 45.352 0.04257612 3.66404e-08
1761204148.129 45.452 0.04258170 2.03793e-08
1761204148.135 45.553 0.04261522 4.72818e-08
1761204148.182 45.653 0.04270182 6.13425e-08
1761204148.188 45.753 0.04272882 3.11000e-08
1761204148.194 45.853 0.04274651 8.56670e-09
1761204148.203 45.952 0.04274651 5.75840e-08
1761204148.251 46.052 0.04289270 4.63440e-08
1761204148.301 46.151 0.04306962 4.57841e-08
1761204148.391 46.250 0.04355846 -5.36910e-09
1761204148.439 46.349 0.04378007 9.52410e-09
1761204148.490 46.447 0.04389460 -9.66800e-09
1761204148.558 46.545 0.04392626 -3.90090e-09
1761204148.608 46.644 0.04396816 -3.52680e-09
1761204148.658 46.741 0.04398213 -8.44600e-10
1761204148.708 46.839 0.04404638 6.47000e-10
1761204148.759 46.937 0.04416463 4.34900e-09
1761204148.765 47.034 0.04416649 6.13417e-08
1761204148.773 47.131 0.04416649 4.28772e-08
1761204148.783 47.228 0.04418232 1.23435e-08
1761204148.793 47.325 0.04423074 2.39573e-08
1761204148.803 47.421 0.04422422 6.29219e-08
1761204148.850 47.517 0.04433875 4.82270e-08
1761204148.856 47.614 0.04435551 -4.29900e-09
1761204148.863 47.709 0.04435551 -1.63380e-09
1761204148.873 47.805 0.04437879 5.10488e-08
1761204148.883 47.901 0.04440393 1.25109e-08
1761204148.893 47.996 0.04444770 2.45306e-08
1761204148.944 48.091 0.04466093 -8.02150e-09
1761204148.953 48.186 0.04466093 5.82998e-08
1761204149.001 48.281 0.04493189 4.74863e-08
1761204149.051 48.376 0.04527082 4.80210e-08
1761204149.119 48.470 0.04569821 4.23364e-08
1761204149.169 48.564 0.04586768 4.19738e-08
1761204149.219 48.658 0.04594868 5.42315e-08
1761204149.270 48.752 0.04595241 6.48934e-08
1761204149.320 48.846 0.04595148 6.42299e-08
1761204149.387 48.939 0.04602038 5.31028e-08
1761204149.394 49.033 0.04602225 1.05710e-08
1761204149.402 49.126 0.04602225 5.12682e-08
1761204149.494 49.219 0.04623920 9.32870e-09
1761204149.503 49.311 0.04623920 4.90706e-08
1761204149.551 49.404 0.04637142 4.78343e-08
1761204149.603 49.497 0.04650830 6.04012e-08
1761204149.653 49.589 0.04663866 6.26150e-08
1761204149.703 49.681 0.04673270 6.69313e-08
1761204149.753 49.773 0.04682302 7.02550e-08
1761204149.803 49.865 0.04691334 7.03671e-08
1761204149.853 49.956 0.04698876 6.73462e-08
1761204149.903 50.048 0.04706698 6.18284e-08
1761204149.971 50.139 0.04716381 4.91081e-08
1761204149.978 50.230 0.04717126 9.31420e-09
1761204149.984 50.321 0.04720944 4.46876e-08
1761204149.992 50.412 0.04720944 -3.14470e-09
1761204150.022 50.502 0.04726531 6.13564e-08
1761204150.031 50.593 0.04726065 7.04246e-08
1761204150.037 50.683 0.04729697 5.54718e-08
1761204150.043 50.773 0.04729045 1.62144e-08
1761204150.052 50.863 0.04729045 5.99141e-08
1761204150.100 50.953 0.04739753 5.05967e-08
1761204150.108 51.042 0.04742453 -7.49390e-09
1761204150.157 51.132 0.04760052 -6.78130e-09
1761204150.207 51.221 0.04785099 1.44968e-07
1761204150.216 51.310 0.04790965 5.12215e-07
1761204150.222 51.399 0.04790965 6.99580e-07
1761204150.232 51.488 0.04795807 1.08311e-06
1761204150.242 51.577 0.04804001 1.55080e-06
1761204150.252 51.666 0.04807540 3.33684e-06
1761204150.262 51.754 0.04815175 4.05268e-06
1761204150.272 51.842 0.04821600 6.50457e-06
1761204150.282 51.930 0.04826721 9.84355e-06
1761204150.292 52.018 0.04831749 1.12579e-05
1761204150.302 52.106 0.04835660 1.11279e-05
1761204150.312 52.194 0.04839664 9.97917e-06
1761204150.322 52.281 0.04843574 9.56726e-06
1761204150.332 52.369 0.04847299 7.16430e-06
1761204150.342 52.456 0.04854189 3.62868e-06
1761204150.352 52.543 0.04854748 1.58762e-06
1761204150.362 52.630 0.04858473 1.15927e-06
1761204150.372 52.717 0.04863594 9.79193e-07
1761204150.382 52.803 0.04865922 6.49831e-07
1761204150.392 52.890 0.04871322 3.82987e-07
1761204150.402 52.976 0.04876164 2.27872e-07
1761204150.412 53.062 0.04882962 7.71424e-08
1761204150.422 53.148 0.04887803 9.55720e-08
1761204150.432 53.234 0.04890876 2.74276e-08
1761204150.442 53.320 0.04897673 5.99599e-08
1761204150.452 53.406 0.04902608 7.01660e-08
1761204150.518 53.491 0.04960432 4.92756e-08
1761204150.587 53.577 0.05025425 4.44689e-08
1761204150.637 53.662 0.05060715 5.72935e-08
1761204150.645 53.747 0.05065743 1.59021e-08
1761204150.652 53.832 0.05065743 5.41799e-08
1761204150.700 53.917 0.05079431 8.56215e-08
1761204150.706 54.002 0.05079431 3.15364e-08
1761204150.712 54.086 0.05079989 5.44664e-08
1761204150.722 54.171 0.05079989 8.38431e-08
1761204150.732 54.255 0.05078965 4.48497e-08
1761204150.742 54.339 0.05080269 1.18323e-07
1761204150.752 54.423 0.05078406 1.24746e-07
1761204150.762 54.507 0.05080362 4.41509e-08
1761204150.772 54.591 0.05079058 8.47565e-08
1761204150.782 54.675 0.05077382 3.41270e-08
1761204150.792 54.758 0.05078500 8.44195e-08
1761204150.802 54.842 0.05076172 9.13180e-08
1761204150.812 54.925 0.05076824 5.30238e-08
1761204150.822 55.008 0.05078220 9.67037e-08
1761204150.832 55.091 0.05079710 5.15835e-08
1761204150.842 55.174 0.05083807 1.07433e-07
1761204150.852 55.257 0.05083714 1.11106e-07
1761204150.862 55.340 0.05087252 6.59112e-08
1761204150.872 55.422 0.05091535 9.61273e-08
1761204150.882 55.505 0.05094236 4.89860e-08
1761204150.892 55.587 0.05104012 8.27782e-08
1761204150.902 55.669 0.05107924 1.94437e-07
1761204150.912 55.751 0.05116863 6.83424e-07
1761204150.922 55.833 0.05124497 1.36271e-06
1761204150.932 55.915 0.05131109 3.01311e-06
1761204150.942 55.997 0.05139489 5.52330e-06
1761204150.952 56.078 0.05147403 8.51776e-06
1761204150.962 56.160 0.05157646 1.34470e-05
1761204150.972 56.241 0.05166678 2.42347e-05
1761204150.982 56.322 0.05175710 2.86117e-05
1761204150.992 56.403 0.05186697 2.83806e-05
1761204151.002 56.484 0.05196009 2.40888e-05
1761204151.142 56.565 0.05329627 2.11316e-07
1761204151.152 56.646 0.05329627 2.37204e-07
1761204151.161 56.727 0.05337355 6.49814e-08
1761204151.171 56.807 0.05340428 7.08523e-08
1761204151.181 56.888 0.05343128 6.75950e-09
1761204151.191 56.968 0.05348715 5.93867e-08
1761204151.201 57.048 0.05349553 7.34858e-08
1761204151.249 57.128 0.05353557 9.37325e-08
1761204151.256 57.208 0.05355046 2.18938e-08
1761204151.262 57.288 0.05354488 4.01956e-08
1761204151.271 57.368 0.05354488 8.11953e-08
1761204151.281 57.447 0.05352439 4.04490e-08
1761204151.291 57.527 0.05354115 9.04015e-08
1761204151.301 57.606 0.05352439 1.12761e-07
1761204151.311 57.686 0.05352626 5.94028e-08
1761204151.321 57.765 0.05354488 9.03089e-08
1761204151.331 57.844 0.05354115 6.02059e-08
1761204151.341 57.923 0.05358119 6.79191e-08
1761204151.351 58.002 0.05358771 1.17164e-07
1761204151.361 58.080 0.05361099 1.04868e-07
1761204151.371 58.159 0.05363799 1.57382e-07
1761204151.381 58.238 0.05366406 1.05756e-07
1761204151.391 58.316 0.05373669 1.75188e-07
1761204151.401 58.394 0.05376649 3.05271e-07
1761204151.411 58.473 0.05381770 3.97004e-07
1761204151.421 58.551 0.05388381 3.61965e-07
1761204151.431 58.629 0.05394527 3.68798e-07
1761204151.441 58.707 0.05401324 6.83707e-07
1761204151.451 58.785 0.05407562 4.89780e-07
1761204151.461 58.862 0.05416781 3.61149e-07
1761204151.471 58.940 0.05424323 2.50064e-07
1761204151.481 59.017 0.05432517 7.39639e-08
1761204151.491 59.095 0.05442014 7.20221e-08
1761204151.501 59.172 0.05449743 6.71186e-08
1761204151.551 59.249 0.05492017 1.43924e-07
1761204151.560 59.326 0.05502166 8.92983e-08
1761204151.565 59.403 0.05511664 1.46114e-07
1761204151.571 59.480 0.05511664 9.72508e-08
1761204151.581 59.557 0.05520509 5.79420e-08
1761204151.591 59.634 0.05531031 8.12787e-08
1761204151.601 59.710 0.05538759 9.34955e-08
1761204151.611 59.787 0.05546953 1.24724e-07
1761204151.623 59.863 0.05559989 3.22332e-06
1761204151.632 59.940 0.05559989 5.68317e-06
1761204151.642 60.016 0.05568370 1.13433e-05
1761204151.672 60.092 0.05593324 1.60631e-05
1761204151.699 60.168 0.05602821 5.56739e-05
1761204151.706 60.244 0.05608687 4.83898e-05
1761204151.712 60.320 0.05613623 3.74741e-05
1761204151.721 60.396 0.05613623 1.85489e-05
1761204151.731 60.471 0.05617254 3.76269e-06
1761204151.741 60.547 0.05622469 1.68362e-06
1761204151.751 60.622 0.05625169 6.13691e-07
1761204151.761 60.698 0.05629731 4.27024e-07
1761204151.771 60.773 0.05634573 3.00612e-07
1761204151.783 60.848 0.05643792 1.92302e-07
1761204151.791 60.923 0.05646026 1.02534e-07
1761204151.801 60.998 0.05646026 1.22694e-07
1761204151.811 61.073 0.05652451 1.99316e-08
1761204151.821 61.148 0.05657014 6.39937e-08
1761204151.831 61.222 0.05660645 1.85009e-08
1761204151.841 61.297 0.05665673 7.05652e-08
1761204151.851 61.372 0.05669677 8.67185e-08
1761204151.861 61.446 0.05676288 7.90975e-08
1761204151.871 61.520 0.05681223 2.40436e-07
1761204151.881 61.595 0.05686903 2.69096e-07
1761204151.891 61.669 0.05691838 5.18301e-07
1761204151.901 61.743 0.05696400 7.92045e-07
1761204151.911 61.817 0.05703849 9.25583e-07
1761204151.921 61.891 0.05708691 1.52837e-06
1761204151.931 61.965 0.05714651 2.99881e-06
1761204151.941 62.038 0.05724241 3.38683e-06
1761204151.951 62.112 0.05730293 3.28653e-06
1761204151.961 62.186 0.05739977 3.13695e-06
1761204151.971 62.259 0.05745844 2.79741e-06
1761204151.981 62.332 0.05752361 1.83167e-06
1761204151.991 62.406 0.05761952 4.65526e-07
1761204152.001 62.479 0.05769401 4.26107e-07
1761204152.011 62.552 0.05775453 4.98410e-07
1761204152.021 62.625 0.05782158 5.85789e-07
1761204152.031 62.698 0.05791655 2.24676e-07
1761204152.041 62.771 0.05801991 4.07844e-07
1761204152.051 62.844 0.05807019 3.66968e-07
1761204152.061 62.916 0.05815492 1.64530e-07
1761204152.071 62.989 0.05823593 1.03736e-07
1761204152.081 63.062 0.05832346 4.62480e-08
1761204152.091 63.134 0.05841285 1.04110e-07
1761204152.101 63.206 0.05847151 1.28563e-07
1761204152.111 63.279 0.05854973 7.16575e-08
1761204152.121 63.351 0.05862794 1.20482e-07
1761204152.131 63.423 0.05869778 7.03577e-08
1761204152.141 63.495 0.05877879 8.15681e-08
1761204152.151 63.567 0.05882441 6.59171e-08
1761204152.161 63.639 0.05890356 2.61522e-08
1761204152.171 63.711 0.05898643 1.03353e-07
1761204152.181 63.782 0.05902088 1.20701e-07
1761204152.191 63.854 0.05910655 2.15307e-07
1761204152.221 63.926 0.05936074 3.86489e-07
1761204152.231 63.997 0.05936074 8.12082e-07
1761204152.241 64.068 0.05943896 7.03126e-07
1761204152.251 64.140 0.05948645 6.43575e-07
1761204152.261 64.211 0.05955535 3.68515e-07
1761204152.271 64.282 0.05967361 1.22081e-07
1761204152.281 64.353 0.05967361 7.93287e-08
1761204152.291 64.424 0.05976486 1.51474e-07
1761204152.301 64.495 0.05979093 1.62744e-07
1761204152.311 64.566 0.05992222 2.51902e-07
1761204152.321 64.637 0.05992222 3.64254e-07
1761204152.331 64.707 0.05996785 4.08051e-07
1761204152.341 64.778 0.06004513 4.18225e-07
1761204152.351 64.849 0.06008424 3.72688e-07
1761204152.361 64.919 0.06014010 2.87395e-07
1761204152.371 64.989 0.06018759 3.16200e-07
1761204152.381 65.060 0.06022670 2.11568e-07
1761204152.391 65.130 0.06031702 1.31828e-07
1761204152.401 65.200 0.06035799 1.00023e-07
1761204152.411 65.270 0.06041944 4.67000e-08
1761204152.421 65.340 0.06047810 9.24528e-08
1761204152.431 65.410 0.06054049 4.71806e-08
1761204152.441 65.480 0.06059170 9.63321e-08
1761204152.451 65.550 0.06063361 4.69909e-07
1761204152.461 65.619 0.06070809 7.30200e-07
1761204152.471 65.689 0.06077141 1.89200e-06
1761204152.481 65.759 0.06082262 3.94729e-06
1761204152.491 65.828 0.06089246 6.22717e-06
1761204152.501 65.897 0.06094739 9.70738e-06
1761204152.511 65.967 0.06102002 1.50716e-05
1761204152.521 66.036 0.06107310 2.75471e-05
1761204152.531 66.105 0.06113083 4.09462e-05
1761204152.541 66.174 0.06121277 4.39768e-05
1761204152.551 66.243 0.06126864 3.65934e-05
1761204152.561 66.312 0.06134778 3.49099e-05
1761204152.571 66.381 0.06141203 2.91928e-05
1761204152.581 66.450 0.06146976 2.02168e-05
1761204152.591 66.519 0.06156194 3.74757e-06
1761204152.601 66.588 0.06160944 2.11135e-06
1761204152.611 66.656 0.06169323 8.12278e-07
1761204152.621 66.725 0.06176586 3.87159e-07
1761204152.631 66.793 0.06182359 1.71843e-07
1761204152.641 66.862 0.06190088 1.48759e-07
1761204152.651 66.930 0.06196047 8.31758e-08
1761204152.701 66.998 0.06238600 1.50648e-07
1761204152.711 67.066 0.06245118 1.66632e-07
1761204152.721 67.135 0.06245118 2.51912e-07
1761204152.731 67.203 0.06250705 2.08988e-07
1761204152.780 67.271 0.06281897 2.12524e-07
1761204152.789 67.339 0.06287112 2.28068e-08
1761204152.795 67.406 0.06291581 4.66372e-08
1761204152.801 67.474 0.06297541 8.42911e-08
1761204152.811 67.542 0.06297541 2.71954e-08
1761204152.821 67.610 0.06302103 7.92618e-08
1761204152.830 67.677 0.06307132 3.74181e-08
1761204152.840 67.745 0.06311880 7.63020e-08
1761204152.850 67.812 0.06311787 6.33113e-08
1761204152.860 67.879 0.06316257 6.42060e-09
1761204152.870 67.947 0.06320167 6.65682e-08
1761204152.880 68.014 0.06325754 2.86938e-08
1761204152.890 68.081 0.06328082 6.86292e-08
1761204152.900 68.148 0.06330410 5.81741e-08
1761204152.951 68.215 0.06349871 2.06164e-07
1761204152.964 68.282 0.06353409 3.25324e-07
1761204152.970 68.349 0.06353409 3.24994e-07
1761204152.980 68.416 0.06358809 3.96010e-07
1761204152.990 68.483 0.06363931 6.27304e-07
1761204153.000 68.550 0.06366072 8.44047e-07
1761204153.010 68.616 0.06371752 1.02236e-06
1761204153.020 68.683 0.06376873 1.38493e-06
1761204153.030 68.749 0.06382274 1.86027e-06
1761204153.040 68.816 0.06388699 2.89273e-06
1761204153.050 68.882 0.06391864 2.91184e-06
1761204153.060 68.949 0.06397451 2.72893e-06
1761204153.070 69.015 0.06403038 2.70537e-06
1761204153.080 69.081 0.06408997 2.44206e-06
1761204153.090 69.147 0.06414585 2.22536e-06
1761204153.100 69.213 0.06417936 1.97540e-06
1761204153.110 69.279 0.06424827 1.20078e-06
1761204153.120 69.345 0.06429017 5.12744e-07
1761204153.130 69.411 0.06434883 2.63049e-07
1761204153.140 69.477 0.06441680 2.41671e-07
1761204153.150 69.543 0.06445870 1.82543e-07
1761204153.160 69.608 0.06452109 8.47583e-08
1761204153.170 69.674 0.06457882 1.10804e-07
1761204153.180 69.740 0.06463655 6.85688e-08
1761204153.190 69.805 0.06469987 1.08103e-07
1761204153.200 69.871 0.06472315 1.01867e-07
1761204153.210 69.936 0.06479577 7.48888e-08
1761204153.220 70.001 0.06485816 1.59359e-07
1761204153.230 70.067 0.06489168 1.35117e-07
1761204153.240 70.132 0.06498107 1.61134e-07
1761204153.250 70.197 0.06503135 1.66221e-07
1761204153.260 70.262 0.06510119 1.36762e-07
1761204153.270 70.327 0.06514495 2.24465e-07
1761204153.280 70.392 0.06520827 1.50889e-07
1761204153.310 70.457 0.06541219 1.79116e-07
1761204153.333 70.522 0.06563659 6.27138e-08
1761204153.340 70.587 0.06563659 2.95440e-09
1761204153.388 70.651 0.06593735 -2.05257e-08
1761204153.441 70.716 0.06625113 1.15657e-08
1761204153.450 70.781 0.06625113 5.48983e-08
1761204153.460 70.845 0.06631073 -7.03930e-09
1761204153.470 70.910 0.06636660 5.85546e-08
1761204153.480 70.974 0.06639546 3.52420e-08
1761204153.490 71.039 0.06644388 6.51394e-08
1761204153.500 71.103 0.06645785 4.72611e-08
1761204153.510 71.167 0.06648858 6.89710e-09
1761204153.520 71.231 0.06651837 6.69862e-08
1761204153.530 71.296 0.06655189 3.47464e-08
1761204153.540 71.360 0.06658169 7.22565e-08
1761204153.550 71.424 0.06657611 5.60888e-08
1761204153.560 71.488 0.06661428 2.12183e-08
1761204153.570 71.552 0.06662266 8.25051e-08
1761204153.580 71.615 0.06662545 4.95701e-08
1761204153.590 71.679 0.06664128 8.08231e-08
1761204153.600 71.743 0.06664966 6.62929e-08
1761204153.610 71.807 0.06667666 2.87650e-08
1761204153.620 71.870 0.06668132 9.70880e-08
1761204153.630 71.934 0.06670274 6.60185e-08
1761204153.640 71.997 0.06673812 9.96629e-08
1761204153.650 72.061 0.06676233 8.82941e-08
1761204153.660 72.124 0.06682192 5.14211e-08
1761204153.670 72.188 0.06685358 1.13663e-07
1761204153.680 72.251 0.06687872 7.98792e-08
1761204153.690 72.314 0.06694204 1.00837e-07
1761204153.700 72.377 0.06698673 9.61313e-08
1761204153.710 72.440 0.06706029 4.30147e-08
1761204153.720 72.504 0.06710778 9.70071e-08
1761204153.730 72.567 0.06717669 5.52778e-08
1761204153.740 72.630 0.06725956 8.74389e-08
1761204153.750 72.692 0.06729773 5.71301e-08
1761204153.760 72.755 0.06737874 1.53349e-08
1761204153.770 72.818 0.06743554 7.70970e-08
1761204153.780 72.881 0.06750817 4.33451e-08
1761204153.790 72.944 0.06758359 7.12223e-08
1761204153.800 73.006 0.06765436 8.06426e-08
1761204153.810 73.069 0.06775212 1.76619e-07
1761204153.820 73.131 0.06781917 5.91281e-07
1761204153.830 73.194 0.06788341 1.01847e-06
1761204153.867 73.256 0.06816183 1.45835e-05
1761204153.873 73.319 0.06823166 1.94255e-05
1761204153.883 73.381 0.06831825 2.85995e-05
1761204153.890 73.443 0.06831825 3.85139e-05
1761204153.900 73.505 0.06836202 5.42188e-05
1761204153.910 73.568 0.06842627 5.69500e-05
1761204153.920 73.630 0.06849238 5.09050e-05
1761204153.930 73.692 0.06855290 4.77983e-05
1761204153.940 73.754 0.06861436 4.35720e-05
1761204153.950 73.816 0.06865346 3.35300e-05
1761204153.960 73.878 0.06871585 1.84282e-05
1761204153.970 73.940 0.06879127 6.26168e-06
1761204153.980 74.001 0.06882386 4.43866e-06
1761204153.990 74.063 0.06887228 3.19587e-06
1761204154.000 74.125 0.06889462 2.35225e-06
1761204154.010 74.186 0.06895143 1.61622e-06
1761204154.020 74.248 0.06901754 1.21114e-06
1761204154.030 74.310 0.06904920 5.99993e-07
1761204154.040 74.371 0.06909296 3.25961e-07
1761204154.050 74.432 0.06910879 2.43745e-07
1761204154.060 74.494 0.06916279 9.32811e-08
1761204154.070 74.555 0.06921680 9.65897e-08
1761204154.080 74.617 0.06926056 3.73982e-08
1761204154.090 74.678 0.06931922 6.31296e-08
1761204154.100 74.739 0.06934157 4.01883e-08
1761204154.110 74.800 0.06940303 8.20140e-09
1761204154.120 74.861 0.06945424 6.14217e-08
1761204154.167 74.922 0.06969447 5.19685e-08
1761204154.218 74.983 0.07001944 6.11671e-08
1761204154.286 75.044 0.07042262 6.61467e-08
1761204154.335 75.105 0.07060140 4.84794e-08
1761204154.405 75.166 0.07066937 -7.12700e-10
1761204154.455 75.227 0.07066658 5.77990e-09
1761204154.507 75.287 0.07066006 4.21020e-09
1761204154.557 75.348 0.07067961 6.89280e-09
1761204154.564 75.409 0.07068241 6.82282e-08
1761204154.570 75.469 0.07070103 6.09492e-08
1761204154.580 75.530 0.07070103 1.42651e-08
1761204154.590 75.590 0.07072710 5.94563e-08
1761204154.600 75.651 0.07072058 3.97462e-08
1761204154.610 75.711 0.07074107 1.32400e-10
1761204154.620 75.772 0.07075783 5.88925e-08
1761204154.630 75.832 0.07077552 3.07481e-08
1761204154.640 75.892 0.07080438 7.42085e-08
1761204154.650 75.952 0.07078949 4.05217e-08
1761204154.660 76.013 0.07083232 1.83350e-09
1761204154.669 76.073 0.07085187 6.45665e-08
1761204154.679 76.133 0.07088073 3.28003e-08
1761204154.689 76.193 0.07091519 7.19596e-08
1761204154.699 76.253 0.07093381 5.03533e-08
1761204154.709 76.313 0.07094778 2.72350e-09
1761204154.719 76.373 0.07096268 6.75707e-08
1761204154.729 76.432 0.07098875 3.52119e-08
1761204154.739 76.492 0.07104834 8.15832e-08
1761204154.749 76.552 0.07108000 4.33539e-08
1761204154.759 76.612 0.07113401 6.96850e-09
1761204154.769 76.671 0.07117404 7.00342e-08
1761204154.779 76.731 0.07121781 3.43423e-08
1761204154.789 76.790 0.07128950 7.16351e-08
1761204154.799 76.850 0.07131371 4.15983e-08
1761204154.809 76.909 0.07136679 6.38420e-09
1761204154.819 76.969 0.07145711 6.73166e-08
1761204154.829 77.028 0.07151670 3.66254e-08
1761204154.839 77.087 0.07156698 7.42617e-08
1761204154.849 77.147 0.07160702 3.74471e-08
1761204154.859 77.206 0.07169269 3.50900e-09
1761204154.869 77.265 0.07175321 7.02903e-08
1761204154.879 77.324 0.07179790 3.99477e-08
1761204154.889 77.383 0.07187425 8.21780e-08
1761204154.899 77.442 0.07192081 5.59723e-08
1761204154.909 77.501 0.07198786 2.77504e-08
1761204154.957 77.560 0.07229327 4.78131e-08
1761204154.964 77.619 0.07235193 1.41182e-07
1761204154.971 77.678 0.07241711 9.82795e-08
1761204154.979 77.737 0.07241711 1.15624e-07
1761204154.989 77.796 0.07248974 1.78204e-07
1761204154.999 77.855 0.07252885 1.52153e-07
1761204155.009 77.913 0.07257820 1.02287e-07
1761204155.019 77.972 0.07263779 1.59097e-07
1761204155.029 78.031 0.07268807 1.25296e-07
1761204155.039 78.089 0.07275697 1.50377e-07
1761204155.049 78.148 0.07278491 8.47806e-08
1761204155.059 78.206 0.07283891 3.45468e-08
1761204155.069 78.265 0.07286499 7.39912e-08
1761204155.079 78.323 0.07291247 3.79448e-08
1761204155.089 78.381 0.07297858 7.22088e-08
1761204155.099 78.440 0.07299628 4.07721e-08
1761204155.109 78.498 0.07305773 1.86236e-08
1761204155.119 78.556 0.07309032 9.77577e-08
1761204155.129 78.614 0.07312570 8.34907e-08
1761204155.139 78.672 0.07318064 1.34218e-07
1761204155.149 78.730 0.07317877 1.33444e-07
1761204155.159 78.788 0.07322906 1.56955e-07
1761204155.169 78.846 0.07328306 3.83564e-07
1761204155.179 78.904 0.07332310 3.64377e-07
1761204155.189 78.962 0.07336687 4.69597e-07
1761204155.199 79.020 0.07340132 6.74774e-07
1761204155.209 79.078 0.07345812 9.49843e-07
1761204155.219 79.136 0.07349257 1.32537e-06
1761204155.229 79.194 0.07353447 1.64415e-06
1761204155.239 79.251 0.07360337 1.90865e-06
1761204155.249 79.309 0.07365086 3.11129e-06
1761204155.259 79.367 0.07370394 3.76562e-06
1761204155.269 79.424 0.07376446 4.56944e-06
1761204155.279 79.482 0.07382312 4.71381e-06
1761204155.289 79.539 0.07388178 4.55144e-06
1761204155.299 79.597 0.07391251 4.37506e-06
1761204155.309 79.654 0.07398328 3.81546e-06
1761204155.319 79.711 0.07404845 3.52307e-06
1761204155.329 79.769 0.07411643 2.84821e-06
1761204155.339 79.826 0.07418813 2.02910e-06
1761204155.349 79.883 0.07423468 7.09416e-07
1761204155.359 79.940 0.07430545 4.03367e-07
1761204155.369 79.998 0.07434269 3.40811e-07
1761204155.379 80.055 0.07439857 2.27402e-07
1761204155.389 80.112 0.07447957 1.62541e-07
1761204155.399 80.169 0.07453358 1.34615e-07
1761204155.409 80.226 0.07461272 4.57772e-08
1761204155.419 80.283 0.07465183 8.67357e-08
1761204155.508 80.340 0.07515185 1.05511e-08
1761204155.514 80.397 0.07518910 6.08663e-08
1761204155.520 80.454 0.07523565 1.30757e-08
1761204155.562 80.510 0.07542933 1.12017e-08
1761204155.577 80.567 0.07544795 -1.11509e-08
1761204155.584 80.624 0.07549917 3.30088e-08
1761204155.591 80.680 0.07553641 1.90220e-09
1761204155.632 80.737 0.07564535 1.69791e-08
1761204155.639 80.794 0.07564535 1.28774e-08
1761204155.649 80.850 0.07564815 2.18656e-09
1761204155.659 80.907 0.07568260 3.11808e-09
1761204155.669 80.963 0.07569191 1.00878e-08
1761204155.679 81.020 0.07570494 -3.60039e-09
1761204155.689 81.076 0.07570774 1.26451e-08
1761204155.699 81.132 0.07571612 -9.30526e-09
1761204155.709 81.189 0.07574871 8.36190e-10
1761204155.719 81.245 0.07574312 1.19905e-09
1761204155.729 81.301 0.07577571 -9.72582e-09
1761204155.739 81.358 0.07579899 9.98774e-09
1761204155.749 81.414 0.07581295 -1.20085e-08
1761204155.759 81.470 0.07585020 -7.13620e-10
1761204155.769 81.526 0.07586231 1.33018e-09
1761204155.779 81.582 0.07586976 -8.20460e-09
1761204155.789 81.638 0.07591538 1.02004e-08
1761204155.799 81.694 0.07593773 -7.29854e-09
1761204155.809 81.750 0.07598522 8.40270e-09
1761204155.819 81.806 0.07602246 1.65458e-08
1761204155.829 81.862 0.07605971 1.16976e-08
1761204155.843 81.918 0.07614630 7.39840e-09
1761204155.849 81.973 0.07614630 6.39071e-08
1761204155.859 82.029 0.07621521 1.29647e-08
1761204155.869 82.085 0.07627200 7.82851e-08
1761204155.879 82.140 0.07631856 4.41647e-08
1761204155.889 82.196 0.07636884 9.43614e-08
1761204155.899 82.252 0.07641819 5.19809e-08
1761204155.909 82.307 0.07648151 3.41596e-08
1761204155.919 82.363 0.07652621 1.01237e-07
1761204155.929 82.418 0.07658207 5.98109e-08
1761204155.939 82.474 0.07665284 1.01181e-07
1761204155.949 82.529 0.07670684 5.23232e-08
1761204155.959 82.584 0.07679996 9.92810e-09
1761204155.969 82.640 0.07683814 6.70920e-08
1761204156.045 82.695 0.07730836 2.14399e-08
1761204156.051 82.750 0.07737540 6.94093e-08
1761204156.100 82.806 0.07761470 4.79395e-08
1761204156.150 82.861 0.07781117 6.96936e-08
1761204156.159 82.916 0.07781117 6.68886e-08
1761204156.169 82.971 0.07781117 1.22565e-07
1761204156.179 83.026 0.07785493 1.35775e-07
1761204156.189 83.081 0.07787635 2.01467e-07
1761204156.199 83.136 0.07786797 2.96541e-07
1761204156.209 83.191 0.07789683 3.50716e-07
1761204156.219 83.246 0.07791732 5.01059e-07
1761204156.229 83.301 0.07791080 5.12700e-07
1761204156.239 83.356 0.07793315 6.34118e-07
1761204156.249 83.411 0.07792663 7.39785e-07
1761204156.259 83.465 0.07793408 7.84683e-07
1761204156.269 83.520 0.07792477 8.56701e-07
1761204156.279 83.575 0.07794153 9.78567e-07
1761204156.289 83.630 0.07795550 1.12891e-06
1761204156.299 83.684 0.07795829 1.23262e-06
1761204156.309 83.739 0.07798064 1.27377e-06
1761204156.319 83.793 0.07797784 1.51413e-06
1761204156.329 83.848 0.07800112 1.67900e-06
1761204156.339 83.902 0.07804302 1.92966e-06
1761204156.349 83.957 0.07806537 2.73821e-06
1761204156.359 84.011 0.07811286 2.70733e-06
1761204156.369 84.066 0.07814638 3.13488e-06
1761204156.379 84.120 0.07817431 3.65817e-06
1761204156.389 84.174 0.07823483 4.52538e-06
1761204156.399 84.229 0.07828326 5.83431e-06
1761204156.409 84.283 0.07832516 6.87943e-06
1761204156.419 84.337 0.07837358 1.02568e-05
1761204156.429 84.391 0.07842665 1.46923e-05
1761204156.438 84.446 0.07848904 1.77869e-05
1761204156.448 84.500 0.07853001 2.52383e-05
1761204156.458 84.554 0.07861660 3.01178e-05
1761204156.468 84.608 0.07866316 3.64936e-05
1761204156.478 84.662 0.07872554 4.82656e-05
1761204156.488 84.716 0.07879538 6.88326e-05
1761204156.498 84.770 0.07884939 7.32852e-05
1761204156.509 84.824 0.07891456 7.14212e-05
1761204156.518 84.878 0.07896391 6.59270e-05
1761204156.529 84.931 0.07902630 6.17539e-05
1761204156.539 84.985 0.07910172 5.57936e-05
1761204156.549 85.039 0.07914269 4.65868e-05
1761204156.603 85.093 0.07950956 1.98680e-06
1761204156.625 85.146 0.07959336 5.81015e-07
1761204156.631 85.200 0.07964923 3.43163e-07
1761204156.639 85.254 0.07964923 2.26296e-07
1761204156.649 85.307 0.07968647 1.27956e-07
1761204156.658 85.361 0.07975445 3.87808e-08
1761204156.668 85.414 0.07977121 7.07162e-08
1761204156.678 85.468 0.07981777 2.79256e-08
1761204156.688 85.521 0.07987270 7.18157e-08
1761204156.754 85.575 0.08009617 4.94500e-10
1761204156.804 85.628 0.08023957 -1.88840e-09
1761204156.854 85.682 0.08035876 -8.95340e-09
1761204156.922 85.735 0.08051518 -5.88170e-09
1761204156.972 85.788 0.08056826 -5.75900e-09
1761204157.022 85.842 0.08059899 -6.28950e-09
1761204157.073 85.895 0.08065299 -3.27200e-09
1761204157.147 85.948 0.08068558 -2.22960e-09
1761204157.171 86.001 0.08072097 -6.80650e-09
1761204157.219 86.054 0.08078335 5.04663e-08
1761204157.228 86.107 0.08078335 8.37100e-09
1761204157.238 86.160 0.08080756 5.95873e-08
1761204157.287 86.214 0.08087832 8.66640e-09
1761204157.338 86.267 0.08093420 1.32190e-08
1761204157.405 86.319 0.08104966 3.45590e-09
1761204157.455 86.372 0.08113346 -6.01110e-09
1761204157.499 86.425 0.08119957 1.77475e-08
1761204157.508 86.478 0.08119957 1.05512e-08
1761204157.518 86.531 0.08121446 1.27431e-08
1761204157.528 86.584 0.08121912 9.68730e-10
1761204157.543 86.637 0.08123215 -8.90210e-09
1761204157.550 86.689 0.08126754 2.84045e-08
1761204157.558 86.742 0.08126754 -3.70000e-09
1761204157.568 86.795 0.08125916 3.53430e-08
1761204157.609 86.847 0.08130292 9.97471e-09
1761204157.624 86.900 0.08131689 7.66530e-09
1761204157.630 86.953 0.08133737 5.85211e-08
1761204157.638 87.005 0.08133737 9.10630e-09
1761204157.706 87.058 0.08149753 2.46650e-09
1761204157.713 87.110 0.08151150 5.31313e-08
1761204157.719 87.163 0.08154129 2.24443e-08
1761204157.768 87.215 0.08168375 6.98799e-08
1761204157.818 87.268 0.08189605 5.34123e-08
1761204157.868 87.320 0.08199848 4.94230e-08
1761204157.918 87.372 0.08209532 4.81239e-08
1761204157.968 87.425 0.08211673 4.77634e-08
1761204158.018 87.477 0.08216702 4.83634e-08
1761204158.068 87.529 0.08221078 4.84096e-08
1761204158.119 87.581 0.08224803 4.92174e-08
1761204158.169 87.633 0.08230575 5.11554e-08
1761204158.178 87.686 0.08230575 -4.26680e-09
1761204158.188 87.738 0.08232438 4.88764e-08
1761204158.262 87.790 0.08242028 4.48094e-08
1761204158.269 87.842 0.08240632 5.51379e-08
1761204158.278 87.894 0.08240632 1.36526e-08
1761204158.288 87.946 0.08243425 6.25802e-08
1761204158.336 87.998 0.08252829 5.72982e-08
1761204158.343 88.050 0.08251247 1.10212e-08
1761204158.349 88.102 0.08254226 6.03639e-08
1761204158.357 88.154 0.08254226 3.29630e-09
1761204158.367 88.205 0.08255530 7.67366e-08
1761204158.415 88.257 0.08264189 7.59176e-08
1761204158.421 88.309 0.08265679 2.60474e-08
1761204158.427 88.361 0.08265679 4.84252e-08
1761204158.437 88.412 0.08268287 1.14221e-07
1761204158.447 88.464 0.08270149 4.89490e-08
1761204158.457 88.516 0.08272477 4.37383e-08
1761204158.467 88.567 0.08273873 1.13896e-07
1761204158.477 88.619 0.08277225 8.28450e-08
1761204158.487 88.671 0.08280019 1.29821e-07
1761204158.497 88.722 0.08282347 9.04934e-08
1761204158.507 88.774 0.08285792 9.98078e-08
1761204158.517 88.825 0.08286723 1.76770e-07
1761204158.527 88.877 0.08291844 1.50151e-07
1761204158.537 88.928 0.08295662 1.92662e-07
1761204158.548 88.979 0.08300690 2.91365e-07
1761204158.557 89.031 0.08300690 2.53394e-07
1761204158.567 89.082 0.08303856 3.95530e-07
1761204158.577 89.133 0.08310094 4.17195e-07
1761204158.587 89.185 0.08313819 5.17202e-07
1761204158.597 89.236 0.08316519 5.26403e-07
1761204158.607 89.287 0.08319685 5.62998e-07
1761204158.617 89.338 0.08322572 7.23093e-07
1761204158.627 89.390 0.08326575 7.78796e-07
1761204158.637 89.441 0.08332162 9.22411e-07
1761204158.647 89.492 0.08334025 9.87485e-07
1761204158.657 89.543 0.08341008 1.21087e-06
1761204158.667 89.594 0.08346223 1.50261e-06
1761204158.677 89.645 0.08350785 1.66326e-06
1761204158.687 89.696 0.08355533 1.72003e-06
1761204158.697 89.747 0.08359258 1.53273e-06
1761204158.707 89.798 0.08364100 1.49988e-06
1761204158.717 89.849 0.08368197 1.51472e-06
1761204158.727 89.899 0.08375925 1.35697e-06
1761204158.737 89.950 0.08380768 1.34624e-06
1761204158.747 90.001 0.08385330 1.16206e-06
1761204158.757 90.052 0.08391476 9.40366e-07
1761204158.767 90.103 0.08396224 7.68181e-07
1761204158.818 90.153 0.08424438 7.78152e-08
1761204158.828 90.204 0.08424438 4.65035e-08
1761204158.838 90.255 0.08430676 7.39964e-08
1761204158.888 90.305 0.08456562 -1.19750e-09
1761204158.937 90.356 0.08475557 2.41178e-08
1761204159.004 90.407 0.08495018 -8.45060e-09
1761204159.055 90.457 0.08499394 -8.10440e-09
1761204159.104 90.508 0.08502932 -7.76420e-09
1761204159.154 90.558 0.08505726 -6.99600e-09
1761204159.204 90.609 0.08507308 -6.15920e-09
1761204159.255 90.659 0.08513082 -5.05970e-09
1761204159.305 90.709 0.08518575 -2.50540e-09
1761204159.390 90.760 0.08528818 2.19796e-08
1761204159.397 90.810 0.08528818 6.33440e-08
1761204159.407 90.860 0.08531425 -2.51700e-09
1761204159.417 90.911 0.08532077 6.19345e-08
1761204159.466 90.961 0.08534684 4.99634e-08
1761204159.516 91.011 0.08540457 4.89535e-08
1761204159.566 91.062 0.08547534 4.88822e-08
1761204159.616 91.112 0.08553959 4.89029e-08
1761204159.666 91.162 0.08562804 4.93304e-08
1761204159.716 91.212 0.08568577 5.03158e-08
1761204159.766 91.262 0.08575654 5.23228e-08
1761204159.816 91.312 0.08577609 5.51358e-08
1761204159.866 91.362 0.08582917 5.46976e-08
1761204159.928 91.412 0.08589062 3.04271e-08
1761204159.937 91.462 0.08589062 6.08048e-08
1761204159.985 91.512 0.08594556 5.00244e-08
1761204160.034 91.562 0.08600329 5.60717e-08
1761204160.041 91.612 0.08599677 1.25868e-08
1761204160.047 91.662 0.08600888 5.11851e-08
1761204160.056 91.712 0.08600888 -1.19364e-08
1761204160.066 91.762 0.08601633 6.31090e-08
1761204160.114 91.811 0.08606567 4.85604e-08
1761204160.121 91.861 0.08609174 -5.08290e-09
1761204160.187 91.911 0.08621838 -4.46000e-09
1761204160.237 91.961 0.08631615 -2.21830e-09
1761204160.287 92.010 0.08641019 -4.92180e-09
1761204160.337 92.060 0.08651914 2.24930e-09
1761204160.387 92.110 0.08655638 -1.16100e-09
1761204160.397 92.159 0.08655638 2.49285e-08
1761204160.407 92.209 0.08657687 -2.04130e-09
1761204160.417 92.258 0.08656104 6.82917e-08
1761204160.487 92.308 0.08661411 8.46690e-09
1761204160.537 92.358 0.08668395 1.36180e-08
1761204160.547 92.407 0.08668395 5.64786e-08
1761204160.557 92.456 0.08671281 8.78000e-09
1761204160.567 92.506 0.08670257 7.76369e-08
1761204160.615 92.555 0.08679941 5.86881e-08
1761204160.683 92.605 0.08692884 6.39261e-08
1761204160.733 92.654 0.08701078 7.10128e-08
1761204160.783 92.703 0.08711041 6.30942e-08
1761204160.833 92.753 0.08715696 7.60056e-08
1761204160.883 92.802 0.08719794 6.79157e-08
1761204160.934 92.851 0.08723425 5.75403e-08
1761204160.941 92.900 0.08724170 2.22510e-08
1761204160.947 92.950 0.08727242 5.08568e-08
1761204160.956 92.999 0.08727242 -9.47590e-09
1761204160.966 93.048 0.08725753 6.57346e-08
1761204161.025 93.097 0.08731153 3.76210e-09
1761204161.030 93.146 0.08731805 5.45315e-08
1761204161.036 93.195 0.08732736 -4.29500e-10
1761204161.046 93.244 0.08732736 1.68086e-08
1761204161.056 93.293 0.08736088 4.37920e-08
1761204161.066 93.342 0.08735250 6.57957e-08
1761204161.114 93.391 0.08744562 5.98623e-08
1761204161.120 93.440 0.08748007 -7.39840e-09
1761204161.169 93.489 0.08758994 5.23814e-08
1761204161.176 93.538 0.08758994 1.11688e-08
1761204161.186 93.587 0.08762253 6.29360e-08
1761204161.235 93.636 0.08779014 6.40490e-08
1761204161.241 93.684 0.08780410 1.61101e-08
1761204161.247 93.733 0.08784414 5.91742e-08
1761204161.256 93.782 0.08784414 2.08741e-08
1761204161.266 93.831 0.08785811 7.12123e-08
1761204161.315 93.879 0.08797264 6.30822e-08
1761204161.364 93.928 0.08808810 6.80551e-08
1761204161.370 93.977 0.08810952 1.14880e-09
1761204161.419 94.025 0.08820077 4.72847e-08
1761204161.426 94.074 0.08820077 1.54278e-08
1761204161.436 94.123 0.08821660 6.16141e-08
1761204161.446 94.171 0.08824639 1.93544e-08
1761204161.456 94.220 0.08828177 4.45474e-08
1761204161.466 94.268 0.08827712 6.40596e-08
1761204161.514 94.317 0.08837582 5.74375e-08
1761204161.520 94.365 0.08840562 -9.08860e-09
1761204161.608 94.414 0.08857881 1.24620e-09
1761204161.616 94.462 0.08857881 4.61367e-08
1761204161.665 94.510 0.08869892 4.45811e-08
1761204161.715 94.559 0.08880228 4.32216e-08
1761204161.765 94.607 0.08887025 4.46390e-08
1761204161.816 94.655 0.08890098 5.00289e-08
1761204161.866 94.704 0.08898664 6.83933e-08
1761204161.916 94.752 0.08901644 8.36880e-08
1761204161.926 94.800 0.08901644 4.23176e-08
1761204161.936 94.848 0.08902016 7.87611e-08
1761204161.946 94.896 0.08902854 3.70993e-08
1761204161.956 94.945 0.08904344 2.47072e-08
1761204161.966 94.993 0.08902761 9.10035e-08
1761204161.976 95.041 0.08906859 5.02283e-08
1761204161.985 95.089 0.08906765 8.05007e-08
1761204161.996 95.137 0.08905834 4.21264e-08
1761204162.006 95.185 0.08910397 5.48821e-08
1761204162.016 95.233 0.08910397 9.91826e-08
1761204162.026 95.281 0.08911700 7.00369e-08
1761204162.036 95.329 0.08912538 1.26418e-07
1761204162.046 95.377 0.08913004 5.44365e-08
1761204162.056 95.425 0.08915332 7.70196e-08
1761204162.066 95.473 0.08915611 1.21860e-07
1761204162.076 95.521 0.08918312 8.69908e-08
1761204162.086 95.569 0.08920546 1.47847e-07
1761204162.096 95.616 0.08922688 9.06574e-08
1761204162.105 95.664 0.08925946 1.16436e-07
1761204162.138 95.712 0.08939262 1.74900e-07
1761204162.150 95.760 0.08943638 2.58259e-07
1761204162.156 95.807 0.08946525 2.63076e-07
1761204162.165 95.855 0.08946525 3.49151e-07
1761204162.175 95.903 0.08950994 3.71503e-07
1761204162.185 95.950 0.08954253 5.60858e-07
1761204162.195 95.998 0.08959467 7.16264e-07
1761204162.205 96.046 0.08966358 9.51273e-07
1761204162.216 96.093 0.08969058 1.28870e-06
1761204162.226 96.141 0.08975949 1.45322e-06
1761204162.236 96.188 0.08980604 1.77653e-06
1761204162.246 96.236 0.08983584 2.02578e-06
1761204162.256 96.283 0.08993454 2.51598e-06
1761204162.266 96.331 0.08993454 2.76125e-06
1761204162.276 96.378 0.08998482 3.29293e-06
1761204162.286 96.426 0.09003231 3.74327e-06
1761204162.296 96.473 0.09006490 4.59793e-06
1761204162.306 96.520 0.09012728 5.26866e-06
1761204162.316 96.568 0.09014963 6.09026e-06
1761204162.326 96.615 0.09020736 6.50679e-06
1761204162.336 96.662 0.09024181 6.69270e-06
1761204162.345 96.710 0.09026881 6.70985e-06
1761204162.356 96.757 0.09031817 6.40513e-06
1761204162.366 96.804 0.09035541 6.21963e-06
1761204162.376 96.851 0.09041780 5.80624e-06
1761204162.386 96.899 0.09044387 5.65942e-06
1761204162.396 96.946 0.09046435 5.17625e-06
1761204162.406 96.993 0.09051836 4.77044e-06
1761204162.416 97.040 0.09055560 4.30505e-06
1761204162.426 97.087 0.09060216 3.45861e-06
1761204162.436 97.134 0.09064034 2.88806e-06
1761204162.446 97.181 0.09067293 1.93121e-06
1761204162.455 97.228 0.09072507 1.28464e-06
1761204162.466 97.275 0.09076325 9.55585e-07
1761204162.476 97.322 0.09080701 4.91775e-07
1761204162.486 97.369 0.09083867 3.38980e-07
1761204162.495 97.416 0.09088802 2.03956e-07
1761204162.505 97.463 0.09094855 1.10848e-07
1761204162.516 97.510 0.09095693 1.50748e-07
1761204162.525 97.557 0.09102955 6.72402e-08
1761204162.535 97.604 0.09106307 8.18332e-08
1761204162.545 97.651 0.09110497 1.77329e-08
1761204162.555 97.697 0.09116643 6.45683e-08
1761204162.603 97.744 0.09139642 -2.06690e-09
1761204162.681 97.791 0.09173070 3.40141e-08
1761204162.688 97.838 0.09176980 -1.81837e-08
1761204162.695 97.884 0.09176980 1.73302e-08
1761204162.705 97.931 0.09182288 2.04346e-08
1761204162.747 97.978 0.09197838 1.52779e-08
1761204162.755 98.024 0.09197838 7.37520e-09
1761204162.765 98.071 0.09197931 1.00976e-08
1761204162.775 98.118 0.09201748 5.93662e-09
1761204162.785 98.164 0.09202028 1.41485e-08
1761204162.795 98.211 0.09203331 -1.19000e-11
1761204162.805 98.257 0.09206497 1.90580e-08
1761204162.815 98.304 0.09205473 6.87020e-10
1761204162.825 98.350 0.09205939 2.80029e-09
1761204162.835 98.397 0.09206218 1.22129e-08
1761204162.845 98.443 0.09207522 3.86200e-10
1761204162.855 98.490 0.09208825 1.62210e-08
1761204162.865 98.536 0.09209384 -2.86150e-09
1761204162.875 98.582 0.09211339 -6.09670e-10
1761204162.885 98.629 0.09211060 7.40668e-09
1761204162.895 98.675 0.09212363 -5.38893e-09
1761204162.905 98.721 0.09216926 1.19397e-08
1761204162.915 98.768 0.09217206 -7.92809e-09
1761204162.925 98.814 0.09220092 -3.92830e-09
1761204162.935 98.860 0.09222233 5.98926e-09
1761204162.945 98.906 0.09224934 -7.63912e-09
1761204162.955 98.953 0.09229031 7.84025e-09
1761204162.965 98.999 0.09230893 -1.23655e-08
1761204162.975 99.045 0.09234897 -9.80796e-09
1761204162.985 99.091 0.09238063 -3.38808e-09
1761204162.995 99.137 0.09241508 -1.70035e-08
1761204163.005 99.183 0.09249516 -1.63403e-09
1761204163.018 99.229 0.09258361 -2.89287e-08
1761204163.025 99.276 0.09258361 -3.72917e-08
1761204163.073 99.322 0.09284713 -5.63803e-08
1761204163.079 99.368 0.09287599 -7.65250e-09
1761204163.085 99.414 0.09293931 -6.68043e-08
1761204163.095 99.460 0.09293931 -6.91833e-08
1761204163.105 99.505 0.09300635 -3.50852e-08
1761204163.115 99.551 0.09304360 -3.57994e-08
1761204163.125 99.597 0.09310319 -8.74138e-08
1761204163.172 99.643 0.09334156 -4.30949e-08
1761204163.179 99.689 0.09337229 1.37873e-08
1761204163.245 99.735 0.09357527 1.08354e-08
1761204163.260 99.781 0.09359483 1.09291e-08
1761204163.267 99.827 0.09362369 5.15147e-08
1761204163.275 99.872 0.09362369 1.63957e-08
1761204163.285 99.918 0.09364138 4.67202e-08
1761204163.295 99.964 0.09367118 2.10606e-08
1761204163.305 100.010 0.09370470 5.10599e-08
1761204163.315 100.055 0.09370098 6.79576e-08
1761204163.363 100.101 0.09379316 5.51560e-08
1761204163.369 100.147 0.09380899 1.41900e-09
1761204163.375 100.192 0.09380805 1.50336e-08
1761204163.385 100.238 0.09380805 5.50283e-08
1761204163.395 100.283 0.09382761 1.15284e-08
1761204163.405 100.329 0.09384717 4.95644e-08
1761204163.453 100.375 0.09395052 -9.11700e-10
1761204163.503 100.420 0.09409112 -4.22400e-09
1761204163.571 100.466 0.09431273 -2.88330e-09
1761204163.621 100.511 0.09443471 -1.87560e-09
1761204163.671 100.557 0.09451386 -7.43200e-10
1761204163.721 100.602 0.09454924 -1.22600e-10
1761204163.784 100.647 0.09454272 5.30454e-08
1761204163.834 100.693 0.09456600 6.05376e-08
1761204163.886 100.738 0.09460883 9.58860e-09
1761204163.935 100.784 0.09468891 1.15252e-08
1761204163.986 100.829 0.09473826 6.23740e-09
1761204164.036 100.874 0.09477178 1.39477e-08
1761204164.104 100.920 0.09484162 1.16312e-08
1761204164.111 100.965 0.09485000 5.82498e-08
1761204164.117 101.010 0.09486396 7.20235e-08
1761204164.124 101.055 0.09486396 4.72389e-08
1761204164.134 101.101 0.09487327 8.19207e-08
1761204164.144 101.146 0.09486862 4.59644e-08
1761204164.154 101.191 0.09488724 7.61516e-08
1761204164.164 101.236 0.09487700 7.23625e-08
1761204164.174 101.281 0.09489283 3.76857e-08
1761204164.184 101.326 0.09490587 9.74092e-08
1761204164.194 101.372 0.09490866 7.39620e-08
1761204164.204 101.417 0.09492542 9.51627e-08
1761204164.214 101.462 0.09492728 8.24675e-08
1761204164.224 101.507 0.09493101 5.37273e-08
1761204164.234 101.552 0.09494125 1.33797e-07
1761204164.244 101.597 0.09494590 8.50627e-08
1761204164.254 101.642 0.09497384 1.51988e-07
1761204164.264 101.687 0.09499246 1.32824e-07
1761204164.274 101.732 0.09502784 1.12415e-07
1761204164.284 101.777 0.09505019 1.79786e-07
1761204164.314 101.822 0.09512841 1.59998e-07
1761204164.327 101.866 0.09519731 3.01591e-07
1761204164.334 101.911 0.09519731 3.73435e-07
1761204164.344 101.956 0.09524480 3.68436e-07
1761204164.354 102.001 0.09530904 4.31979e-07
1761204164.364 102.046 0.09532022 5.50135e-07
1761204164.374 102.091 0.09537143 5.53523e-07
1761204164.384 102.135 0.09539937 7.17592e-07
1761204164.394 102.180 0.09542730 8.65716e-07
1761204164.404 102.225 0.09549527 1.05890e-06
1761204164.414 102.270 0.09552786 1.31153e-06
1761204164.424 102.314 0.09559025 1.54259e-06
1761204164.434 102.359 0.09563960 2.26538e-06
1761204164.444 102.404 0.09567685 2.79528e-06
1761204164.454 102.448 0.09572806 3.79351e-06
1761204164.464 102.493 0.09574854 5.20721e-06
1761204164.474 102.537 0.09579417 7.32403e-06
1761204164.484 102.582 0.09582862 1.01976e-05
1761204164.494 102.627 0.09588262 1.29453e-05
1761204164.504 102.671 0.09592918 1.61526e-05
1761204164.514 102.716 0.09595898 1.87647e-05
1761204164.524 102.760 0.09599901 2.35000e-05
1761204164.534 102.805 0.09602137 2.61514e-05
1761204164.544 102.849 0.09608002 2.99568e-05
1761204164.554 102.893 0.09612007 3.51916e-05
1761204164.564 102.938 0.09614055 3.91468e-05
1761204164.574 102.982 0.09617966 4.26681e-05
1761204164.584 103.027 0.09620852 5.08148e-05
1761204164.594 103.071 0.09625415 5.85028e-05
1761204164.604 103.115 0.09630350 6.50968e-05
1761204164.614 103.160 0.09633050 7.40612e-05
1761204164.624 103.204 0.09637613 8.27246e-05
1761204164.634 103.248 0.09639661 8.36441e-05
1761204164.644 103.293 0.09643199 8.37569e-05
1761204164.654 103.337 0.09648972 8.08088e-05
1761204164.664 103.381 0.09652883 7.97888e-05
1761204164.674 103.425 0.09658191 7.59648e-05
1761204164.684 103.469 0.09662194 7.04831e-05
1761204164.694 103.514 0.09665546 6.84716e-05
1761204164.704 103.558 0.09669923 6.14807e-05
1761204164.714 103.602 0.09672716 5.78975e-05
1761204164.724 103.646 0.09677652 5.30427e-05
1761204164.734 103.690 0.09682028 4.48855e-05
1761204164.744 103.734 0.09685938 3.76448e-05
1761204164.754 103.778 0.09690594 2.69604e-05
1761204164.764 103.822 0.09694505 1.38837e-05
1761204164.774 103.866 0.09699440 8.19443e-06
1761204164.784 103.910 0.09703351 3.77923e-06
1761204164.794 103.954 0.09707168 2.06960e-06
1761204164.804 103.998 0.09712197 9.33335e-07
1761204164.814 104.042 0.09715455 5.75826e-07
1761204164.824 104.086 0.09720483 2.74964e-07
1761204164.876 104.130 0.09746462 1.97401e-08
1761204164.884 104.174 0.09746462 5.63558e-08
1761204164.932 104.218 0.09765923 6.83562e-08
1761204164.982 104.262 0.09784080 6.29101e-08
1761204165.033 104.305 0.09795998 6.71605e-08
1761204165.083 104.349 0.09804658 6.40531e-08
1761204165.133 104.393 0.09807544 7.18106e-08
1761204165.183 104.437 0.09807638 6.86537e-08
1761204165.234 104.481 0.09810711 6.88076e-08
1761204165.283 104.524 0.09814249 5.95740e-08
1761204165.334 104.568 0.09820766 6.16284e-08
1761204165.425 104.612 0.09831661 -5.74200e-10
1761204165.434 104.655 0.09831661 5.72153e-08
1761204165.444 104.699 0.09832872 1.31403e-08
1761204165.453 104.743 0.09834641 5.13538e-08
1761204165.519 104.786 0.09840134 8.92110e-09
1761204165.569 104.830 0.09843487 4.69950e-09
1761204165.575 104.874 0.09844325 1.19272e-08
1761204165.584 104.917 0.09844325 5.10085e-08
1761204165.594 104.961 0.09845442 1.10096e-08
1761204165.604 105.004 0.09847770 4.17260e-08
1761204165.652 105.048 0.09853356 4.16951e-08
1761204165.659 105.091 0.09855777 1.38743e-08
1761204165.665 105.135 0.09858571 4.52444e-08
1761204165.713 105.178 0.09860805 6.11778e-08
1761204165.719 105.222 0.09864716 -2.33950e-09
1761204165.726 105.265 0.09864902 1.21938e-08
1761204165.733 105.309 0.09864902 7.10981e-08
1761204165.781 105.352 0.09876634 5.30390e-08
1761204165.832 105.395 0.09886318 5.84362e-08
1761204165.882 105.439 0.09898889 4.96050e-08
1761204165.961 105.482 0.09912018 5.79386e-08
1761204165.968 105.525 0.09914904 4.63827e-08
1761204165.975 105.569 0.09914811 -2.81800e-09
1761204165.983 105.612 0.09914811 4.24231e-08
1761204166.031 105.655 0.09919840 4.10860e-08
1761204166.075 105.699 0.09921702 1.34305e-08
1761204166.090 105.742 0.09921888 2.27830e-09
1761204166.097 105.785 0.09924868 4.35305e-08
1761204166.103 105.828 0.09924123 -2.65782e-08
1761204166.145 105.871 0.09930547 4.86243e-09
1761204166.153 105.915 0.09930547 1.93822e-08
1761204166.163 105.958 0.09929895 -5.27547e-09
1761204166.173 106.001 0.09932317 4.01810e-10
1761204166.183 106.044 0.09934086 2.16894e-09
1761204166.193 106.087 0.09934738 -1.02651e-08
1761204166.203 106.130 0.09937996 3.00715e-09
1761204166.218 106.173 0.09942279 -1.24774e-08
1761204166.225 106.216 0.09943956 -4.03185e-08
1761204166.273 106.259 0.09951777 -5.09755e-08
1761204166.323 106.302 0.09966489 -4.44221e-08
1761204166.373 106.345 0.09979525 -3.81740e-08
1761204166.423 106.388 0.09992747 -3.32347e-08
1761204166.490 106.431 0.10004387 -3.06153e-09
1761204166.500 106.474 0.10006435 8.91680e-10
1761204166.506 106.517 0.10004945 -1.36393e-08
1761204166.513 106.560 0.10004945 -5.46563e-09
1761204166.523 106.603 0.10007087 -3.77626e-09
1761204166.533 106.646 0.10006528 -3.06104e-09
1761204166.543 106.689 0.10006900 -6.10109e-09
1761204166.553 106.732 0.10008111 6.31287e-09
1761204166.563 106.774 0.10006900 -1.51539e-08
1761204166.573 106.817 0.10008111 2.10661e-09
1761204166.583 106.860 0.10007925 -1.08172e-09
1761204166.593 106.903 0.10008297 -6.93024e-09
1761204166.603 106.946 0.10009321 5.03076e-09
1761204166.613 106.988 0.10007925 -1.26754e-08
1761204166.623 107.031 0.10009694 3.17444e-09
1761204166.633 107.074 0.10010904 9.15410e-10
1761204166.643 107.116 0.10013418 -1.56045e-09
1761204166.653 107.159 0.10016118 7.12918e-09
1761204166.663 107.202 0.10014815 -1.01210e-08
1761204166.673 107.244 0.10018075 7.18195e-09
1761204166.683 107.287 0.10020216 1.06421e-09
1761204166.693 107.330 0.10022544 -4.39671e-09
1761204166.703 107.372 0.10025244 7.41114e-09
1761204166.713 107.415 0.10028130 -9.50667e-09
1761204166.723 107.457 0.10033158 9.33765e-09
1761204166.733 107.500 0.10035300 3.37107e-09
1761204166.743 107.542 0.10039862 7.02560e-10
1761204166.753 107.585 0.10045077 9.10124e-09
1761204166.763 107.627 0.10047684 -8.26969e-09
1761204166.773 107.670 0.10054574 1.03007e-08
1761204166.783 107.712 0.10057647 4.29733e-09
1761204166.793 107.755 0.10061744 -2.63491e-09
1761204166.803 107.797 0.10069100 9.44398e-09
1761204166.813 107.839 0.10071242 -6.38298e-09
1761204166.823 107.882 0.10077853 1.17470e-08
1761204166.833 107.924 0.10082136 6.92954e-09
1761204166.843 107.967 0.10086234 3.81555e-09
1761204166.853 108.009 0.10091075 1.26166e-08
1761204166.863 108.051 0.10095451 -3.79502e-09
1761204166.873 108.093 0.10101038 1.55227e-08
1761204166.883 108.136 0.10104390 7.82875e-09
1761204166.893 108.178 0.10110536 2.02149e-09
1761204166.903 108.220 0.10116402 1.41032e-08
1761204166.913 108.263 0.10118171 -1.28360e-09
1761204166.923 108.305 0.10124689 1.79044e-08
1761204166.933 108.347 0.10128692 9.98488e-09
1761204166.943 108.389 0.10131673 8.90043e-09
1761204166.953 108.431 0.10136328 1.93635e-08
1761204166.963 108.473 0.10139587 2.01699e-09
1761204166.976 108.516 0.10146663 1.47794e-08
1761204166.983 108.558 0.10146663 3.28633e-08
1761204166.993 108.600 0.10151505 2.63540e-09
1761204167.002 108.642 0.10153834 4.10597e-08
1761204167.049 108.684 0.10171711 7.25906e-08
1761204167.100 108.726 0.10192103 8.33290e-08
1761204167.109 108.768 0.10194151 6.76019e-08
1761204167.115 108.810 0.10198063 1.16720e-07
1761204167.122 108.852 0.10198063 8.76782e-08
1761204167.132 108.894 0.10199459 1.43605e-07
1761204167.142 108.936 0.10204767 1.04373e-07
1761204167.152 108.978 0.10209050 1.39304e-07
1761204167.162 109.020 0.10210167 1.17470e-07
1761204167.172 109.062 0.10213333 1.47669e-07
1761204167.209 109.104 0.10224041 1.69871e-07
1761204167.219 109.146 0.10226462 1.41837e-07
1761204167.231 109.188 0.10226090 2.00475e-07
1761204167.239 109.229 0.10228324 1.69708e-07
1761204167.249 109.271 0.10230931 2.33529e-07
1761204167.257 109.313 0.10232142 1.45346e-07
1761204167.263 109.355 0.10234469 1.97477e-07
1761204167.272 109.397 0.10234469 1.59468e-07
1761204167.282 109.438 0.10236238 2.04367e-07
1761204167.292 109.480 0.10238380 1.49326e-07
1761204167.302 109.522 0.10241640 1.73446e-07
1761204167.312 109.564 0.10244154 1.37338e-07
1761204167.322 109.605 0.10245923 1.56741e-07
1761204167.332 109.647 0.10247226 1.82790e-07
1761204167.342 109.689 0.10248995 1.27996e-07
1761204167.352 109.730 0.10254489 1.51326e-07
1761204167.362 109.772 0.10256072 1.10752e-07
1761204167.372 109.814 0.10259703 1.24701e-07
1761204167.382 109.855 0.10259703 1.46215e-07
1761204167.392 109.897 0.10264918 8.26468e-08
1761204167.402 109.939 0.10267711 1.07733e-07
1761204167.412 109.980 0.10269760 6.44658e-08
1761204167.422 110.022 0.10275067 7.88324e-08
